ClipContext_pair,BAR-80s_LOW_02,BAR-80s_LOW_06,BAR-80s_MED_08,BAR-80s_MED_13,BAR-Ele_LOW_09,BAR-Ele_LOW_14,BAR-Ele_MED_19,BAR-Ele_MED_20,BAR-Jaz_LOW_19,BAR-Jaz_LOW_21,BAR-Jaz_MED_02,BAR-Jaz_MED_07,BAR-Met_LOW_09,BAR-Met_LOW_14,BAR-Met_MED_19,BAR-Met_MED_20,CONCERT-80s_LOW_02,CONCERT-80s_LOW_06,CONCERT-80s_MED_08,CONCERT-80s_MED_13,CONCERT-Ele_LOW_09,CONCERT-Ele_LOW_14,CONCERT-Ele_MED_19,CONCERT-Ele_MED_20,CONCERT-Jaz_LOW_19,CONCERT-Jaz_LOW_21,CONCERT-Jaz_MED_02,CONCERT-Jaz_MED_07,CONCERT-Met_LOW_09,CONCERT-Met_LOW_14,CONCERT-Met_MED_19,CONCERT-Met_MED_20,MOVIE-80s_LOW_02,MOVIE-80s_LOW_06,MOVIE-80s_MED_08,MOVIE-80s_MED_13,MOVIE-Ele_LOW_09,MOVIE-Ele_LOW_14,MOVIE-Ele_MED_19,MOVIE-Ele_MED_20,MOVIE-Jaz_LOW_19,MOVIE-Jaz_LOW_21,MOVIE-Jaz_MED_02,MOVIE-Jaz_MED_07,MOVIE-Met_LOW_09,MOVIE-Met_LOW_14,MOVIE-Met_MED_19,MOVIE-Met_MED_20,VIDEOGAME-80s_LOW_02,VIDEOGAME-80s_LOW_06,VIDEOGAME-80s_MED_08,VIDEOGAME-80s_MED_13,VIDEOGAME-Ele_LOW_09,VIDEOGAME-Ele_LOW_14,VIDEOGAME-Ele_MED_19,VIDEOGAME-Ele_MED_20,VIDEOGAME-Jaz_LOW_19,VIDEOGAME-Jaz_LOW_21,VIDEOGAME-Jaz_MED_02,VIDEOGAME-Jaz_MED_07,VIDEOGAME-Met_LOW_09,VIDEOGAME-Met_LOW_14,VIDEOGAME-Met_MED_19,VIDEOGAME-Met_MED_20
BAR-80s_LOW_02,1.0000000000000004,0.34198045420032375,0.3581793438918565,0.35832838129260697,0.3441844765116591,0.3451800708320642,0.40895281312626997,0.3404328376988038,0.32184090513669017,0.3595709822309654,0.42624489321573267,0.42377274213725563,0.34992233802355394,0.34342977740880337,0.3631891571360293,0.3523666389410854,0.42050465364143286,0.35365558714376377,0.34358187608859053,0.34033078936677125,0.33478139443780863,0.31940331368162855,0.3667885992266293,0.32950679364477353,0.3623095078677333,0.3342977650112037,0.3438539734648804,0.35890893455048917,0.34958547364513054,0.3322245336128644,0.3190920353507644,0.32937965961875887,0.41036559436376463,0.31940557236696576,0.3444827182637709,0.35514300044625213,0.3396208328619302,0.3088456052945724,0.3912241856981581,0.3622157591251129,0.3168824509738505,0.3686591414224035,0.4023075825660471,0.3995445951779019,0.3400667769332938,0.316862122875863,0.3753494015619295,0.34869337845063847,0.44363563185874844,0.34322752012214935,0.34780273205161116,0.34899611341872294,0.3313733558687777,0.28518427731481294,0.39222839858995123,0.3462418763406798,0.2869427783952277,0.334202156584668,0.38076825783708257,0.4371050774690939,0.33231403888005817,0.2677112878176182,0.3107726619111385,0.3109471719609635
BAR-80s_LOW_06,0.34198045420032375,1.0000000000000002,0.42623836199679244,0.3354424637203491,0.3556356410257366,0.40745084497689177,0.3137007061099199,0.3256058906759222,0.336327740559326,0.4403610691902174,0.40007695633746704,0.3950373993350357,0.39084645114356065,0.3172670280526796,0.34245288818997277,0.3154986773644264,0.34969895668354967,0.4733274413368085,0.3245611582790203,0.33668355394748084,0.3595779452730311,0.3335988691948584,0.3738956173643626,0.27249506662406253,0.4010737937821547,0.35379067759650734,0.333102645710148,0.40208454069199473,0.3146373202340621,0.3395830507930882,0.28996517691614854,0.3431822823277975,0.31700975175118895,0.37275616446558085,0.3067167884037371,0.3098398691858572,0.297652871397777,0.26470819069717705,0.3393879937611699,0.2949366893234388,0.3394754595372876,0.30644338281747047,0.37611661504003935,0.4022627283571075,0.29014717081042396,0.26356753055932003,0.34922131492993547,0.34309898860187993,0.32469640737431327,0.3268986400943409,0.34424092439640164,0.29737079927442384,0.29443778756918215,0.27389843578137535,0.29854870302575887,0.2661117820409069,0.2878584786015091,0.28677127319641554,0.37136981331627567,0.39168421476424387,0.2962292781172713,0.230517835764442,0.2609555649328995,0.27475290712592787
BAR-80s_MED_08,0.3581793438918565,0.42623836199679244,1.0000000000000002,0.4246400056787127,0.3872317056519248,0.4453588043749247,0.362594346606187,0.360171781944237,0.4010115634037811,0.4529665376181225,0.39974741540099107,0.39151600770242867,0.3995099980538569,0.3788593781509698,0.38912426674243794,0.3939281415243816,0.3863410546879421,0.4561456709150278,0.4070370272010525,0.3403494935367824,0.3899558087083266,0.40029783851121276,0.3568765918776632,0.31647322086606994,0.4222004530690794,0.43967413000702443,0.3625691754743336,0.38159489145220404,0.3641574746067503,0.3880176964041774,0.35766424090238663,0.38574427451404864,0.34714215187195124,0.44487169012015343,0.3812720168821103,0.39789238284942935,0.3476663212678126,0.3879168711134682,0.3783168753999648,0.3665904791627323,0.37667872694596194,0.424495138232524,0.39458468497794597,0.36814288424217256,0.34505301764224533,0.3350002310716347,0.4212428119141914,0.4146873885367868,0.3589319628203461,0.42915416766379877,0.41028776524151644,0.3991252000179827,0.3650475398373527,0.3402289830974976,0.3877710058268054,0.31502462574926743,0.33335121475075347,0.4034612250756624,0.40792020740853263,0.3944489761582843,0.35844164509118254,0.30351835941116545,0.3441530457724671,0.33264236461613755
BAR-80s_MED_13,0.35832838129260697,0.3354424637203491,0.4246400056787127,0.9999999999999988,0.3768551976044486,0.37044969321594035,0.37594537505173303,0.3210606847326829,0.4101229686422769,0.36295720602799014,0.3861931158879871,0.39053137248612657,0.3455180851098018,0.3536902694611717,0.35483995917742683,0.38075489341593854,0.36814387783628444,0.3841978733792856,0.37592670931694544,0.40739848039244136,0.35823059626064574,0.376178445017261,0.3690612911949683,0.29693641896744033,0.3709816251588247,0.3298285474292125,0.3376199468181746,0.35533887351165216,0.3440031199673105,0.3369586861057038,0.3346957864841265,0.3438381035645724,0.3362226329940642,0.3608581224456943,0.3423744819154373,0.4003660469744417,0.34826880080384914,0.3553968413944166,0.3709471814454717,0.3261604027159816,0.38840135812446497,0.38281744924169775,0.39175376547666624,0.3456885608986759,0.32975984992691615,0.3258330228385306,0.3682331873936241,0.35555852968386614,0.36340691066904435,0.3730365035659447,0.3462595533423539,0.40146921307512307,0.3576327784893847,0.331417432140377,0.3860100027972608,0.35794311462057343,0.3764034694038084,0.36156652199134826,0.3838222056740216,0.38596795433565345,0.3683288528712803,0.2870069081281403,0.34018896350247246,0.3360442163112191
BAR-Ele_LOW_09,0.3441844765116591,0.3556356410257366,0.3872317056519248,0.3768551976044486,0.9999999999999989,0.4135362399245287,0.3681023648398725,0.33127932129475507,0.3549781576192071,0.39579791723791347,0.33544760606473684,0.33628078147324286,0.3733621391364122,0.3838146487468261,0.4245335494577516,0.3936051062250257,0.3528197200022539,0.3848222502139207,0.34368049605550305,0.3504554892581079,0.4484177424195186,0.43491234264008305,0.3593947490516119,0.3201255266080713,0.38942170775845214,0.34651380318322733,0.30109209696262645,0.3123541736908901,0.3672061607513319,0.36748380550320714,0.35767390682494776,0.371177707437759,0.2993382761130829,0.3509492677294436,0.33769755141547125,0.33370552315994717,0.446169855514433,0.3601023303513582,0.3579148613937779,0.37661893687562237,0.3398816706140801,0.3614945107016023,0.33880967566069226,0.2896956553744115,0.3607925176157707,0.369898873130385,0.4656312016733386,0.3764200299562954,0.3322300720224053,0.3789533754469173,0.3197251687320252,0.3728584546797934,0.48710577714319864,0.387790699567823,0.3549679036870162,0.3347586620480089,0.3513873599432593,0.34805030515104696,0.3483027140919081,0.3337006282639377,0.37671127163953066,0.3297425582739573,0.38785644286049137,0.35531377288897403
BAR-Ele_LOW_14,0.3451800708320642,0.40745084497689177,0.4453588043749247,0.37044969321594035,0.4135362399245287,0.9999999999999989,0.34921485201821856,0.3240149051497845,0.37471796730111623,0.39280417454749617,0.3855921740569539,0.357731846991004,0.37631474468361464,0.36319320180604187,0.38832303087850434,0.3553967350014736,0.36974503524362157,0.4286862318228698,0.35365250347681665,0.33658341957662663,0.4561377055075283,0.5543841694759075,0.37035943008702726,0.3184917739653328,0.3963891365797474,0.3496015052404946,0.34369843671486167,0.35156592402335574,0.37854946597742745,0.3857897167267691,0.3325773270913446,0.3587740682750209,0.32894141120532894,0.3313128889248829,0.31909570087583256,0.3244560358066755,0.3669898888187657,0.4147352147116096,0.3828873479214628,0.33461539483580494,0.3786433158397484,0.37434589901487825,0.363317976482335,0.31763177958298894,0.33415288092962375,0.3404054771259871,0.38126833925984144,0.35956497630240464,0.35401743195445706,0.38311769676160623,0.38205258982160406,0.3834106164460438,0.4553004174271176,0.46976399360561505,0.3365438103660437,0.3326887111742018,0.36748441428115847,0.33941839112801503,0.3716816058798784,0.366695952734219,0.38776590058186955,0.3241584996904917,0.3511877695246766,0.32830391848843954
BAR-Ele_MED_19,0.40895281312626997,0.3137007061099199,0.362594346606187,0.37594537505173303,0.3681023648398725,0.34921485201821856,1.0000000000000007,0.3497306580314189,0.34179120106235195,0.34429612665428977,0.3909919080432975,0.37169557584310825,0.32786930219245236,0.33471590441355126,0.3465835927554587,0.32537241124848415,0.34126544196202696,0.353697801350916,0.3187914112872477,0.33893325407727826,0.3277449686548766,0.3283736477595308,0.3803702111487507,0.30507913940389997,0.36197841528495067,0.3118813731903318,0.2987633521413142,0.3500610691942256,0.32190309248466886,0.3320769111962741,0.2967287990607082,0.31393797240683974,0.3443358942249994,0.3021021667726787,0.314093379857423,0.34921277242994203,0.34075060577564353,0.3095253343742166,0.42717690215157705,0.35506636879521836,0.3477763505151091,0.3425089032361755,0.360761909675814,0.3202368803725394,0.31255130820969546,0.31743102612087465,0.35572803282065985,0.33433835794046374,0.35270303566225014,0.3220894262841457,0.311668765013693,0.35156218764571745,0.3572729909234813,0.29712074489631246,0.41942280722752645,0.34979334090920805,0.31182206871036566,0.3001260604949316,0.3486388248575634,0.3765692408054225,0.3095297366413604,0.24727925211954507,0.2911307215350382,0.28074685081322137
BAR-Ele_MED_20,0.3404328376988038,0.3256058906759222,0.360171781944237,0.3210606847326829,0.33127932129475507,0.3240149051497845,0.3497306580314189,1.000000000000003,0.3041068334464172,0.34552746999038486,0.3644243101942244,0.3411431963629491,0.33411831187676433,0.273863619195018,0.3255993121959806,0.3113559930672711,0.32620306971535196,0.3499109399915963,0.30620044390350337,0.3471181889240807,0.3034682635419197,0.2802745976714435,0.3352588238231231,0.35017962056137053,0.3230408895179976,0.28916759969045586,0.31238555674070834,0.3341400074030763,0.28797368881129587,0.29493813749752695,0.30856433837421604,0.2805901770568861,0.35288101726024845,0.293680756567576,0.30647392386366906,0.3245535835167704,0.32336035618677916,0.28563434883763733,0.3447280367035507,0.37134157875151125,0.29462733547670694,0.31990588359029365,0.32212031700765215,0.3303826773266849,0.2837545226727655,0.2801460425478756,0.3315519892560792,0.32808496895488093,0.348998055887129,0.32180656161182014,0.30394343817733127,0.35560904120287185,0.31852468889857644,0.26672685390895085,0.3425746150345021,0.33488333282995225,0.2814186538951087,0.2850774672214778,0.3344311102981269,0.3485471116770013,0.2842225294082621,0.25626449631657017,0.2655138549484741,0.27641225698561633
BAR-Jaz_LOW_19,0.32184090513669017,0.336327740559326,0.4010115634037811,0.4101229686422769,0.3549781576192071,0.37471796730111623,0.34179120106235195,0.3041068334464172,1.0000000000000007,0.3424746681839186,0.36344253024054757,0.39317490285611806,0.34565062180527534,0.34159634384751075,0.3419748843950729,0.3726103965776195,0.356905026933973,0.3530128988640267,0.3256992226834891,0.3160032218566143,0.3430844092064176,0.3578899072168499,0.32912438840362807,0.25472769794533784,0.4186189382549679,0.33698000770859493,0.31387297038023365,0.378237612146726,0.3176380437518558,0.3336038829311068,0.36583449093479614,0.3315713432386961,0.30628432995121124,0.314604253118675,0.2938822418326158,0.3091526071885883,0.3202489965678333,0.3596572898827004,0.32724641714482844,0.2859177388135249,0.4898519024536989,0.35803046799641575,0.35303875311939525,0.3353810132522314,0.2966037616318611,0.31859620287961843,0.37355668205274917,0.327972037724727,0.310929910595644,0.36166592512486245,0.37033498486907473,0.35500322731615247,0.31573999268466096,0.35523955352451797,0.3549576861391068,0.2930939287732235,0.4935661496507138,0.3687822683685328,0.3573734784643533,0.3631996099842578,0.31658029743965305,0.2841151288017642,0.30962265128435534,0.2922347110442634
BAR-Jaz_LOW_21,0.3595709822309654,0.4403610691902174,0.4529665376181225,0.36295720602799014,0.39579791723791347,0.39280417454749617,0.34429612665428977,0.34552746999038486,0.3424746681839186,0.9999999999999999,0.4291638824897607,0.3899054124322792,0.37816796853063717,0.33736608676407265,0.3556966991976926,0.34466021561235743,0.3641246180158597,0.41703684561548615,0.3526561667816924,0.3471319487715476,0.3657893833077244,0.3592743724354646,0.3412517988892354,0.2851108590108131,0.40546307002929693,0.43416628951615394,0.338833819639535,0.3614584727928044,0.321731612248534,0.3562751744570483,0.31664477051172324,0.33122354147333527,0.3251616040122163,0.3545679145786838,0.339067538384374,0.3303272920565345,0.32489562482429735,0.3151478557341238,0.35026008334268527,0.34315226007825306,0.3539274816506962,0.4077390926063593,0.39128910818923746,0.36538384738577545,0.31283481920597755,0.30445563038496865,0.3788453160663928,0.3733714985714848,0.3474136912985376,0.3753448658573037,0.361358017354636,0.3290742894422997,0.3431493163162251,0.2994164030715746,0.33875960146856376,0.3243173700124585,0.345793452374793,0.4272658180680623,0.3751863876700351,0.3945642865875871,0.32474277710509447,0.2755849618159702,0.32333734285884197,0.31379576348701854
BAR-Jaz_MED_02,0.42624489321573267,0.40007695633746704,0.39974741540099107,0.3861931158879871,0.33544760606473684,0.3855921740569539,0.3909919080432975,0.3644243101942244,0.36344253024054757,0.4291638824897607,1.0000000000000016,0.4832616070815226,0.3774965899502966,0.3422502982701288,0.38072959701015496,0.3671066370059861,0.4114882335546201,0.3900279277463835,0.3553602630722352,0.3552410459315901,0.3547025289772008,0.34781497896475816,0.36306835301866347,0.31793570338991517,0.4246001281037826,0.3707926014399678,0.38416249720136786,0.46859068915760965,0.3552258099281832,0.3620913706373381,0.34612971734758236,0.36341526271190844,0.3845672475188412,0.3438904922227041,0.311833103246736,0.3469912601108543,0.32706208243573553,0.3155341285114784,0.3811931970346542,0.3608155856500399,0.38719994820049797,0.3737084889718948,0.44557991264361063,0.4330346223602386,0.33588542972325525,0.32140803909459675,0.3835110841370808,0.37504495164874746,0.41340718175917407,0.38745438090462925,0.3714269275645317,0.34161147357740546,0.3423676099579981,0.29780945195263503,0.3655147585406759,0.3229270842109727,0.31084098069095784,0.32347098951217806,0.39988936498392896,0.5132336811508358,0.3442290920681244,0.2686327575152656,0.3391277166338552,0.31601699328589583
BAR-Jaz_MED_07,0.42377274213725563,0.3950373993350357,0.39151600770242867,0.39053137248612657,0.33628078147324286,0.357731846991004,0.37169557584310825,0.3411431963629491,0.39317490285611806,0.3899054124322792,0.4832616070815226,1.0000000000000002,0.3407058514729759,0.3499791176918937,0.35882230404003423,0.3414059830530627,0.44357022967205056,0.3649398296290045,0.3347705830341719,0.3701821374655966,0.3352958601963845,0.3506730171928525,0.3879479743774781,0.31363768611286075,0.4138057898830223,0.3463368902136935,0.37344672762233533,0.5288126778550799,0.31102982230424137,0.3713342002017643,0.31525471893271567,0.33361188391000807,0.38355955987726026,0.3352593950804811,0.32396298880919033,0.34227410008596026,0.31091451066644393,0.31879473873056424,0.3494883475469785,0.3720766125212112,0.37458363096509795,0.36728882544413033,0.46856682668706373,0.509294475926337,0.32100284971265347,0.32556269494595785,0.36125963570427827,0.36158326931859924,0.4340772706024927,0.3654779390467597,0.33386687653629643,0.3508299818337772,0.3012370315744565,0.3114140433830507,0.38302388182836494,0.34312037506330106,0.3209442086902396,0.3248077923518832,0.44970593504395906,0.5260347525096366,0.31762181929014466,0.2611912279153806,0.31438965602371505,0.2937769783844433
BAR-Met_LOW_09,0.34992233802355394,0.39084645114356065,0.3995099980538569,0.3455180851098018,0.3733621391364122,0.37631474468361464,0.32786930219245236,0.33411831187676433,0.34565062180527534,0.37816796853063717,0.3774965899502966,0.3407058514729759,1.0000000000000002,0.38496188496043887,0.44508312289874263,0.40901569021317263,0.35007223752347344,0.40282898960707,0.32151761363189474,0.3696111542514303,0.3796609755795642,0.3583580712959053,0.3748843302006546,0.3075664326715646,0.40072295656107515,0.3557988293297555,0.3534551299665348,0.35364497471213446,0.4560769709747317,0.43808533619332185,0.41005379176923035,0.43161802068201555,0.321764913755473,0.32013860506841646,0.3240707222597544,0.32668677225401305,0.35566925751473955,0.3014652784935529,0.3511829828512964,0.3089769964240218,0.31845302132727715,0.33368673782190833,0.3474289596223459,0.319005035543993,0.3331165654223953,0.31951390030070864,0.4331437741172946,0.4075399677443604,0.3415222340043271,0.3543918652024797,0.3540129172969468,0.3336443415341687,0.375169526251853,0.3040973805213221,0.34485899032985556,0.3024980041303107,0.33115959080367935,0.30707110817458644,0.35537485801511143,0.3469670885368528,0.4214952831071672,0.2758333194503992,0.37892163994614647,0.3663775179878429
BAR-Met_LOW_14,0.34342977740880337,0.3172670280526796,0.3788593781509698,0.3536902694611717,0.3838146487468261,0.36319320180604187,0.33471590441355126,0.273863619195018,0.34159634384751075,0.33736608676407265,0.3422502982701288,0.3499791176918937,0.38496188496043887,1.0000000000000002,0.43375826694379555,0.38832033277748623,0.35951930806708615,0.3803660031541935,0.33527301156240785,0.3216246776680231,0.37886942771114307,0.3455774351601184,0.30809894418456746,0.28200256383400496,0.3657572785700224,0.3135198880431717,0.3102372094442874,0.35375738725107203,0.375859549640221,0.3935321979859398,0.37935350061187156,0.4124754199693289,0.2911744998435338,0.3263996885155947,0.31167159560547103,0.32804627669139025,0.40094907900334315,0.3540430881263615,0.324010083973472,0.3249498249785806,0.3154770901989588,0.3411805953933501,0.34768324622343105,0.32710418083218873,0.37975252107984075,0.4196266363241145,0.4382429778261731,0.3887017601437267,0.331601758640589,0.3639760502904289,0.3253615083797172,0.32190357898894895,0.39688730172623293,0.3755860501145691,0.33086816529011354,0.2930754488107384,0.3129132165681041,0.3235356128759727,0.3395184257621821,0.3533794007974257,0.4716827933055529,0.42166202573863926,0.41580769689315034,0.37090163229858875
BAR-Met_MED_19,0.3631891571360293,0.34245288818997277,0.38912426674243794,0.35483995917742683,0.4245335494577516,0.38832303087850434,0.3465835927554587,0.3255993121959806,0.3419748843950729,0.3556966991976926,0.38072959701015496,0.35882230404003423,0.44508312289874263,0.43375826694379555,1.0,0.42119018638602557,0.35415669983073833,0.3995171881005875,0.3673897338457735,0.3257790498676178,0.3715778869627643,0.3671324905892361,0.3230362697659463,0.291516288087656,0.3957234190394293,0.33883483864439473,0.3177632846513438,0.3597718274361053,0.3976090945897993,0.4358884848595177,0.42021373604810547,0.4888907072075727,0.31969913661084903,0.35570194312794,0.3347131918116646,0.3367644647665406,0.40023123840440483,0.347469019927218,0.33890592160847915,0.34185959592818,0.33321097954084894,0.3621354452955742,0.3464802237384411,0.33831818044137724,0.3611164300308437,0.39306734857439174,0.46805623175147776,0.45372491452126673,0.32911173791958187,0.37833368848809096,0.33848208688284764,0.3455581814215381,0.4092115464435616,0.3599622473727899,0.3332714425980912,0.3176460181657515,0.3159817803771836,0.34662570924721364,0.3658043083021985,0.3807603785829802,0.4211722105244779,0.3245977974849712,0.4860646826287325,0.48562426227209715
BAR-Met_MED_20,0.3523666389410854,0.3154986773644264,0.3939281415243816,0.38075489341593854,0.3936051062250257,0.3553967350014736,0.32537241124848415,0.3113559930672711,0.3726103965776195,0.34466021561235743,0.3671066370059861,0.3414059830530627,0.40901569021317263,0.38832033277748623,0.42119018638602557,0.9999999999999993,0.37197092300539364,0.35916186012848594,0.3505346105889291,0.3416270871461663,0.3843760010498965,0.33385830259327376,0.3301418068150733,0.3078091991255409,0.3992542456308277,0.345340775036209,0.3541252271485549,0.3808522859249402,0.41485737487363467,0.4340145280836138,0.48235830490695947,0.44046668400528477,0.32356074935832874,0.3487978704840125,0.3093286159981851,0.33516597901824946,0.3830938364305311,0.3702325314206786,0.3268180023693187,0.32915950341256717,0.32722309104537,0.3679390174697282,0.3375790041980754,0.32163063268547365,0.4194139421421968,0.3576375310773457,0.45565117448410414,0.44550701713368457,0.34516298746533325,0.37886933016746344,0.3453636452812128,0.3622516755707014,0.37801536356654825,0.33656863100402573,0.3464649015233178,0.34073455748757947,0.3254476139479853,0.35890573552099786,0.36287031603986725,0.3501438842832942,0.4105908721841681,0.342365698221481,0.4232515530450966,0.38223444643509846
CONCERT-80s_LOW_02,0.42050465364143286,0.34969895668354967,0.3863410546879421,0.36814387783628444,0.3528197200022539,0.36974503524362157,0.34126544196202696,0.32620306971535196,0.356905026933973,0.3641246180158597,0.4114882335546201,0.44357022967205056,0.35007223752347344,0.35951930806708615,0.35415669983073833,0.37197092300539364,0.9999999999999996,0.3801970845339458,0.3369125810479495,0.3842430784304976,0.3782665300096846,0.3636507819335575,0.33306752892506086,0.3132188834914047,0.3975899463045449,0.34220736146920633,0.3693610341525676,0.4263132776295691,0.33381481605802726,0.37415479677116564,0.34134147412431426,0.388741072782482,0.39981816753419,0.3433755226551628,0.3236999298507141,0.3409732250568429,0.32842573809546777,0.3154958119535275,0.33661071531083814,0.3664021048061807,0.36285671708653217,0.3425730760981006,0.3872271874224914,0.38065175245764415,0.3081453902327673,0.31270190777483137,0.3837779559162778,0.3323273087881519,0.3940351811440424,0.3525045828764368,0.3420009986378863,0.37578188490778724,0.33605609294320504,0.32246378413016175,0.35994015074717317,0.329133168742739,0.31134782699772506,0.3246047398533425,0.43144632058921223,0.40078976565583985,0.33046623000288555,0.2731695910043626,0.3207192163899066,0.31600660597352964
CONCERT-80s_LOW_06,0.35365558714376377,0.4733274413368085,0.4561456709150278,0.3841978733792856,0.3848222502139207,0.4286862318228698,0.353697801350916,0.3499109399915963,0.3530128988640267,0.41703684561548615,0.3900279277463835,0.3649398296290045,0.40282898960707,0.3803660031541935,0.3995171881005875,0.35916186012848594,0.3801970845339458,1.0,0.38051458084546785,0.3898768364109934,0.39881002001704163,0.37953455117848495,0.3777183722814903,0.31152634826900133,0.4084237308698957,0.37046556571634315,0.360945928151222,0.381585516836822,0.3709289848100647,0.38416203715722846,0.3587516570010481,0.40480171490385386,0.33725581057500653,0.4671075542173708,0.39411227539893046,0.3799880879033394,0.3417470830920821,0.33391403169033385,0.3903016818794053,0.32425075163533074,0.3841824436870104,0.3753731390387923,0.3867570686692774,0.3545936265762423,0.32306218300193373,0.3369073989757423,0.3975872896412141,0.3986792682708376,0.3521273531608331,0.3907899559387339,0.42568551999443216,0.35367075792136116,0.3618424812635424,0.31136245909033977,0.3601311856276747,0.30589374357912424,0.33476808723488094,0.32849200462279243,0.39033908121734956,0.38365110735652835,0.34121483798991553,0.28033029984888896,0.3446690511175037,0.3372975363383578
CONCERT-80s_MED_08,0.34358187608859053,0.3245611582790203,0.4070370272010525,0.37592670931694544,0.34368049605550305,0.35365250347681665,0.3187914112872477,0.30620044390350337,0.3256992226834891,0.3526561667816924,0.3553602630722352,0.3347705830341719,0.32151761363189474,0.33527301156240785,0.3673897338457735,0.3505346105889291,0.3369125810479495,0.38051458084546785,0.9999999999999984,0.32714296813514043,0.3492087487461949,0.3426993199243066,0.30448577112066355,0.2685777008438361,0.3547826855244053,0.3459877788394934,0.305320809040658,0.3687888461526005,0.3324785472677232,0.3306592535054334,0.3090482709856513,0.30391184780776664,0.3296113340412952,0.3911790176865296,0.36067282522280664,0.347996629904038,0.30560768618610534,0.3306285336792314,0.3157301020880241,0.3281654733190688,0.33189560778743027,0.3887365657378027,0.3450662919067279,0.31552962515037153,0.3080993447026158,0.2883010678789853,0.3742492162660241,0.33781118434316637,0.3291361769839581,0.40923133830148184,0.35810934520435506,0.3264153410219407,0.3311346712915292,0.3067251244086524,0.3243822488002115,0.3037059026943083,0.314227931371635,0.34517535103994423,0.3371340823714558,0.34983297639137584,0.32445831927185287,0.2846988050373423,0.2865729904232341,0.3383857574462633
CONCERT-80s_MED_13,0.34033078936677125,0.33668355394748084,0.3403494935367824,0.40739848039244136,0.3504554892581079,0.33658341957662663,0.33893325407727826,0.3471181889240807,0.3160032218566143,0.3471319487715476,0.3552410459315901,0.3701821374655966,0.3696111542514303,0.3216246776680231,0.3257790498676178,0.3416270871461663,0.3842430784304976,0.3898768364109934,0.32714296813514043,1.0000000000000027,0.3607554475621085,0.3319675702211216,0.3881251836797426,0.33464470552680736,0.36549159204518183,0.3083664590006946,0.3990171830807778,0.38494676080899326,0.3571669436424252,0.3859326780204124,0.34814004261429876,0.3557048215254177,0.3278227088432174,0.3356864975951057,0.330068226511148,0.3691671880376463,0.3510578947324788,0.29666708623788546,0.3328189364968331,0.3432758037039228,0.3185580976030556,0.3498958260955672,0.38708533069052603,0.34375136195122774,0.3239339055186927,0.30352238079196986,0.3671124254250007,0.33971060056597585,0.34924377058918005,0.3270140711488186,0.31305414413275545,0.36968565967912986,0.337872802584209,0.31960926265814155,0.35872929429532974,0.3390193866433677,0.3179848322720509,0.3200295350782204,0.37383685132375527,0.37699761951391986,0.35244310420361524,0.27322030438713013,0.3148629216949571,0.2925608086786839
CONCERT-Ele_LOW_09,0.33478139443780863,0.3595779452730311,0.3899558087083266,0.35823059626064574,0.4484177424195186,0.4561377055075283,0.3277449686548766,0.3034682635419197,0.3430844092064176,0.3657893833077244,0.3547025289772008,0.3352958601963845,0.3796609755795642,0.37886942771114307,0.3715778869627643,0.3843760010498965,0.3782665300096846,0.39881002001704163,0.3492087487461949,0.3607554475621085,1.0000000000000004,0.4363739615839912,0.3698472277432188,0.31238221203243866,0.3888253093669233,0.34486142249051027,0.3355390985645123,0.35624482095077764,0.40186897259013865,0.4172746491200375,0.3813045208605071,0.3889803732916412,0.30218259520174784,0.33403159277296923,0.29622646429781774,0.32884770469661323,0.3921490762534448,0.3328722631028258,0.33276440043196315,0.32982662508040267,0.33243792060677263,0.34224838727488455,0.32576281864314965,0.287908529914077,0.3853714509244113,0.3327477673139329,0.42119540369624897,0.3693000439437486,0.34018242192763487,0.3661433698798839,0.3343921849878985,0.34825216529660613,0.44470113186377774,0.3491891139245075,0.33170349159209256,0.33102048247512483,0.30899670816865504,0.3409324304287047,0.34311820906197604,0.3342524247755087,0.3911470953312659,0.3202090479337017,0.3446026624949002,0.32443184831323957
CONCERT-Ele_LOW_14,0.31940331368162855,0.3335988691948584,0.40029783851121276,0.376178445017261,0.43491234264008305,0.5543841694759075,0.3283736477595308,0.2802745976714435,0.3578899072168499,0.3592743724354646,0.34781497896475816,0.3506730171928525,0.3583580712959053,0.3455774351601184,0.3671324905892361,0.33385830259327376,0.3636507819335575,0.37953455117848495,0.3426993199243066,0.3319675702211216,0.4363739615839912,1.0000000000000002,0.35111705970134904,0.283857948900447,0.3760104567585325,0.3128229106909213,0.29014251036374145,0.33057615275216806,0.34930435377572555,0.3786927267407225,0.3125604406025152,0.36028341975572326,0.27940151948764574,0.3093602463330415,0.3031242259902989,0.30711617997735147,0.3587117424026476,0.4398116285485152,0.32580752894435966,0.3113188006309799,0.38461851196476926,0.3342336768513722,0.3411517873007429,0.2988677545141901,0.31918480549623884,0.3289350300654217,0.3956522184622527,0.3196163263456914,0.3133197440678787,0.36888695960731616,0.33455599759966426,0.36178457902671607,0.4385682761915631,0.4837617294345844,0.3252048638013799,0.3093345752846529,0.364533854655565,0.33201977545462025,0.373084670914644,0.3229621395316735,0.37207941851332993,0.3373706655000861,0.3372771644754435,0.3288565597159505
CONCERT-Ele_MED_19,0.3667885992266293,0.3738956173643626,0.3568765918776632,0.3690612911949683,0.3593947490516119,0.37035943008702726,0.3803702111487507,0.3352588238231231,0.32912438840362807,0.3412517988892354,0.36306835301866347,0.3879479743774781,0.3748843302006546,0.30809894418456746,0.3230362697659463,0.3301418068150733,0.33306752892506086,0.3777183722814903,0.30448577112066355,0.3881251836797426,0.3698472277432188,0.35111705970134904,1.0000000000000007,0.2973366731247875,0.3484541319834846,0.3051602551429675,0.3400404842625348,0.37149690173327904,0.3501417236713644,0.3538377027221584,0.3312167060758056,0.3392316086473078,0.34248126583644956,0.304305408485059,0.33643502577265605,0.33583854002093394,0.3615404879658736,0.3028539315000609,0.3986741521303143,0.3275277283896266,0.32642639592778483,0.30993783306017425,0.34897928486845087,0.3435990375716437,0.32324540226488085,0.2828584795089828,0.34974322474632746,0.3383212096175964,0.40297288061538417,0.32638582587061143,0.32888733859574243,0.3604316321535776,0.35161812146590093,0.28310921389498644,0.4112583689127694,0.332852734276193,0.32143222593909787,0.3068706370035891,0.35987606736504624,0.3777639586678644,0.3411219672136299,0.26475595211090036,0.3229942322306024,0.2959677965532322
CONCERT-Ele_MED_20,0.32950679364477353,0.27249506662406253,0.31647322086606994,0.29693641896744033,0.3201255266080713,0.3184917739653328,0.30507913940389997,0.35017962056137053,0.25472769794533784,0.2851108590108131,0.31793570338991517,0.31363768611286075,0.3075664326715646,0.28200256383400496,0.291516288087656,0.3078091991255409,0.3132188834914047,0.31152634826900133,0.2685777008438361,0.33464470552680736,0.31238221203243866,0.283857948900447,0.2973366731247875,1.0000000000000002,0.3064591307538546,0.26159881720427053,0.28854111514772174,0.2898189943146637,0.3107647611872887,0.30318363116434427,0.29281364791562975,0.2898374928028107,0.2993286797512857,0.2707524505484141,0.2759877693415776,0.33108780613327277,0.3175341339804086,0.27595172621056946,0.3044564765564769,0.37061946614176844,0.2452561974519849,0.3284551682557458,0.3014041195833469,0.2789275146025109,0.29703621490297377,0.2937905906340005,0.3272473686360012,0.3157702633899099,0.3185263325964835,0.28311136916320817,0.2742439487220887,0.34591615717994684,0.3297858175322536,0.2827529543534148,0.30617330624113204,0.3641532217665929,0.2478097870385019,0.2778851712526767,0.29310914971916546,0.31085870200343074,0.2907329951787209,0.2453188119843351,0.26357274478089016,0.2771387937023842
CONCERT-Jaz_LOW_19,0.3623095078677333,0.4010737937821547,0.4222004530690794,0.3709816251588247,0.38942170775845214,0.3963891365797474,0.36197841528495067,0.3230408895179976,0.4186189382549679,0.40546307002929693,0.4246001281037826,0.4138057898830223,0.40072295656107515,0.3657572785700224,0.3957234190394293,0.3992542456308277,0.3975899463045449,0.4084237308698957,0.3547826855244053,0.36549159204518183,0.3888253093669233,0.3760104567585325,0.3484541319834846,0.3064591307538546,0.9999999999999994,0.347676312281438,0.3880652084512438,0.41575880328263526,0.41900096067522014,0.4044778010958689,0.38328432400771134,0.3880793673447334,0.33273885348646615,0.3598112955106965,0.3305358009880904,0.32227583898587536,0.3560762184255254,0.345419440786508,0.39125441404270844,0.34723723289692154,0.4389696096975035,0.379457488415953,0.3899551896374474,0.38151493838313644,0.33782198963662613,0.35042512590696767,0.4301417193320912,0.38643331224272276,0.34749897533905794,0.35228296687200333,0.37135245496211283,0.34442697799895705,0.35626577546800947,0.3592351551317583,0.37209004769029735,0.3023795611711034,0.39023211533126817,0.3564857992111218,0.40079909177894507,0.42198198625570316,0.37306465057261723,0.279204874552179,0.3338264742922025,0.34108551061667913
CONCERT-Jaz_LOW_21,0.3342977650112037,0.35379067759650734,0.43967413000702443,0.3298285474292125,0.34651380318322733,0.3496015052404946,0.3118813731903318,0.28916759969045586,0.33698000770859493,0.43416628951615394,0.3707926014399678,0.3463368902136935,0.3557988293297555,0.3135198880431717,0.33883483864439473,0.345340775036209,0.34220736146920633,0.37046556571634315,0.3459877788394934,0.3083664590006946,0.34486142249051027,0.3128229106909213,0.3051602551429675,0.26159881720427053,0.347676312281438,1.0000000000000042,0.3131509578064684,0.34214934810450254,0.31557268861079735,0.34477965492157286,0.3225029685793688,0.3411547166701836,0.30063969375921534,0.3298050443704787,0.31955590274477663,0.31372755427232674,0.3015255861496315,0.2915158269700552,0.33423782399368474,0.29915284847962,0.31806980245174266,0.44780272059461584,0.33301142507223946,0.31437141731134943,0.30480548707857513,0.275221883754474,0.348260392291719,0.3413380326004287,0.3204694055196587,0.3706230421238687,0.34452158734181637,0.3318639162814302,0.32901021738431613,0.2793315316079786,0.32082873130278783,0.28472385777407744,0.2872606549774543,0.39272789733063523,0.3539845265112997,0.34572488586753425,0.3172474149025237,0.2603541023420313,0.2994264115784566,0.30076623026845833
CONCERT-Jaz_MED_02,0.3438539734648804,0.333102645710148,0.3625691754743336,0.3376199468181746,0.30109209696262645,0.34369843671486167,0.2987633521413142,0.31238555674070834,0.31387297038023365,0.338833819639535,0.38416249720136786,0.37344672762233533,0.3534551299665348,0.3102372094442874,0.3177632846513438,0.3541252271485549,0.3693610341525676,0.360945928151222,0.305320809040658,0.3990171830807778,0.3355390985645123,0.29014251036374145,0.3400404842625348,0.28854111514772174,0.3880652084512438,0.3131509578064684,0.9999999999999998,0.4297822002792115,0.35854011975773425,0.3813562162349351,0.34518951971886924,0.35867532323050016,0.336860160720138,0.2819590168273161,0.2943888814793442,0.31762509757315455,0.2855720815914293,0.2718738872198044,0.3010481878166432,0.2931673358006515,0.31212278420443085,0.3148510339746406,0.37107826519454884,0.3828480074887768,0.30374511438829466,0.2735532856782576,0.35966078160578235,0.35154998634043233,0.3543106091548296,0.3140106398336067,0.33054531261496983,0.33698476430949725,0.29245151529457597,0.2679655021851962,0.3236264529406926,0.2892125075876117,0.2857433680440965,0.299767429900665,0.38478836433797997,0.38056032534381923,0.3211525638767052,0.23873634967914437,0.2925336246497888,0.275677587260737
CONCERT-Jaz_MED_07,0.35890893455048917,0.40208454069199473,0.38159489145220404,0.35533887351165216,0.3123541736908901,0.35156592402335574,0.3500610691942256,0.3341400074030763,0.378237612146726,0.3614584727928044,0.46859068915760965,0.5288126778550799,0.35364497471213446,0.35375738725107203,0.3597718274361053,0.3808522859249402,0.4263132776295691,0.381585516836822,0.3687888461526005,0.38494676080899326,0.35624482095077764,0.33057615275216806,0.37149690173327904,0.2898189943146637,0.41575880328263526,0.34214934810450254,0.4297822002792115,1.0000000000000004,0.33267351302583054,0.38912929876327473,0.3520312660757657,0.3697445373456642,0.3850697558953967,0.31799142524973467,0.30111968680635526,0.33478610653325286,0.2994942785788253,0.2873771039864629,0.31910804540872234,0.3225200144349703,0.37947407458120225,0.3332311071994718,0.48354187319619163,0.48533677555644905,0.3050916116539767,0.29204811297196015,0.3620400560964968,0.3661289177244666,0.35352506784053445,0.37362423468930145,0.318479624984052,0.3259447622490337,0.30430046739267685,0.285480900109782,0.3391117788559235,0.3068590891966649,0.3169852589979516,0.3091915340041793,0.44983008138215924,0.5340819183301182,0.3263616464470293,0.2420338399395363,0.3305343878912048,0.290409915980847
CONCERT-Met_LOW_09,0.34958547364513054,0.3146373202340621,0.3641574746067503,0.3440031199673105,0.3672061607513319,0.37854946597742745,0.32190309248466886,0.28797368881129587,0.3176380437518558,0.321731612248534,0.3552258099281832,0.31102982230424137,0.4560769709747317,0.375859549640221,0.3976090945897993,0.41485737487363467,0.33381481605802726,0.3709289848100647,0.3324785472677232,0.3571669436424252,0.40186897259013865,0.34930435377572555,0.3501417236713644,0.3107647611872887,0.41900096067522014,0.31557268861079735,0.35854011975773425,0.33267351302583054,1.0000000000000002,0.4324510859964259,0.4063591895767459,0.4149469979058156,0.29612920289115224,0.3174146115908278,0.3003686009442981,0.34780096508880803,0.3412553671061057,0.30715265183381085,0.3380873527126242,0.32057584531614586,0.33594590759159554,0.3598443351292252,0.33580371035016743,0.30024886187048216,0.3571946795809097,0.33446220128122706,0.39709644568553265,0.39720676275764255,0.35377541230988907,0.3296095948159058,0.3259674404873824,0.3418045564554032,0.35445805258124463,0.3124913775244066,0.33935546456549825,0.290309733000146,0.2954632525141658,0.3080552962589767,0.3426432343152102,0.347197636693579,0.413565320189632,0.2922431877356871,0.3687190994714,0.3494750734071959
CONCERT-Met_LOW_14,0.3322245336128644,0.3395830507930882,0.3880176964041774,0.3369586861057038,0.36748380550320714,0.3857897167267691,0.3320769111962741,0.29493813749752695,0.3336038829311068,0.3562751744570483,0.3620913706373381,0.3713342002017643,0.43808533619332185,0.3935321979859398,0.4358884848595177,0.4340145280836138,0.37415479677116564,0.38416203715722846,0.3306592535054334,0.3859326780204124,0.4172746491200375,0.3786927267407225,0.3538377027221584,0.30318363116434427,0.4044778010958689,0.34477965492157286,0.3813562162349351,0.38912929876327473,0.4324510859964259,1.0,0.4456338725653072,0.5408330847573766,0.31210306281444883,0.3327521489819068,0.31150052966177005,0.3200927420361854,0.36648126293302846,0.3494590476207062,0.3096778432928584,0.3121240445534848,0.3330662387054964,0.3373044110060502,0.36203346359723865,0.3115739741105004,0.34907278507058,0.39204724155668974,0.48236650808714204,0.4734824085060363,0.34739894205172434,0.3606139602769554,0.3346448434267304,0.335743449352419,0.3839648790558264,0.34886544781240775,0.326541749670171,0.29923503545247127,0.34086252085954916,0.31203248414285445,0.3633496973794639,0.3447837325781574,0.4317400677548016,0.3266560714863598,0.4374911015466406,0.3737522113053465
