idClipContext,BAR-80s_LOW_02,BAR-80s_LOW_06,BAR-80s_MED_08,BAR-80s_MED_13,BAR-Ele_LOW_09,BAR-Ele_LOW_14,BAR-Ele_MED_19,BAR-Ele_MED_20,BAR-Jaz_LOW_19,BAR-Jaz_LOW_21,BAR-Jaz_MED_02,BAR-Jaz_MED_07,BAR-Met_LOW_09,BAR-Met_LOW_14,BAR-Met_MED_19,BAR-Met_MED_20,CONCERT-80s_LOW_02,CONCERT-80s_LOW_06,CONCERT-80s_MED_08,CONCERT-80s_MED_13,CONCERT-Ele_LOW_09,CONCERT-Ele_LOW_14,CONCERT-Ele_MED_19,CONCERT-Ele_MED_20,CONCERT-Jaz_LOW_19,CONCERT-Jaz_LOW_21,CONCERT-Jaz_MED_02,CONCERT-Jaz_MED_07,CONCERT-Met_LOW_09,CONCERT-Met_LOW_14,CONCERT-Met_MED_19,CONCERT-Met_MED_20,MOVIE-80s_LOW_02,MOVIE-80s_LOW_06,MOVIE-80s_MED_08,MOVIE-80s_MED_13,MOVIE-Ele_LOW_09,MOVIE-Ele_LOW_14,MOVIE-Ele_MED_19,MOVIE-Ele_MED_20,MOVIE-Jaz_LOW_19,MOVIE-Jaz_LOW_21,MOVIE-Jaz_MED_02,MOVIE-Jaz_MED_07,MOVIE-Met_LOW_09,MOVIE-Met_LOW_14,MOVIE-Met_MED_19,MOVIE-Met_MED_20,VIDEOGAME-80s_LOW_02,VIDEOGAME-80s_LOW_06,VIDEOGAME-80s_MED_08,VIDEOGAME-80s_MED_13,VIDEOGAME-Ele_LOW_09,VIDEOGAME-Ele_LOW_14,VIDEOGAME-Ele_MED_19,VIDEOGAME-Ele_MED_20,VIDEOGAME-Jaz_LOW_19,VIDEOGAME-Jaz_LOW_21,VIDEOGAME-Jaz_MED_02,VIDEOGAME-Jaz_MED_07,VIDEOGAME-Met_LOW_09,VIDEOGAME-Met_LOW_14,VIDEOGAME-Met_MED_19,VIDEOGAME-Met_MED_20
BAR-80s_LOW_02,0.9999999999999972,0.34013904101990494,0.3469094278103278,0.34359784749260125,0.32217204554710915,0.33065443611543216,0.396090419519426,0.33043915077482744,0.30662581785398163,0.3450714794836973,0.4157495311440421,0.41389369216753163,0.33425858810190917,0.3343166307146999,0.3465802402986077,0.33458174093676823,0.40559448669959186,0.3444423897015644,0.3267591834743324,0.3239584957577362,0.321277498659639,0.2992189952385424,0.3590772440197555,0.31941556907176516,0.34618383518177726,0.32584808164742673,0.33624958428300006,0.35092108241451,0.33993165671075576,0.32489217339055265,0.3018177416948287,0.3111745204636906,0.40300220179613233,0.3051215711544475,0.3282955517187045,0.34458737051444366,0.3234206782900867,0.2950940718711294,0.3790332260697207,0.34465077743230227,0.30917722367014383,0.3550555871965029,0.39013952297798193,0.3964386955230448,0.32960325426719667,0.3023052135498929,0.3626386537737515,0.3398981947587747,0.4367402210483992,0.3348288493000414,0.34031582426425394,0.33707324700598085,0.31131776315041265,0.26585705852865976,0.3828439882269238,0.33109392480181543,0.26802098337701796,0.31677150055097597,0.36934503351220577,0.4289344005147203,0.3201645285884161,0.25153535088780027,0.3004354677449481,0.29505678649289807
BAR-80s_LOW_06,0.34013904101990494,1.0000000000000002,0.4234091899354975,0.33361774596340854,0.35755068392282036,0.4056285199456607,0.31226551240592004,0.3231515916116766,0.3335052269916338,0.4394420455825858,0.3985502861626244,0.39423750190071677,0.39137706289102014,0.3173535945621731,0.34096934690091735,0.3149047542979545,0.3477606274831971,0.4726308133257796,0.32221444242810543,0.3364861290101181,0.3559196332895728,0.3357284728236748,0.3746323641997217,0.2697848840008003,0.4021344959561126,0.35010831956742894,0.3308027286632646,0.3996669978199748,0.31332925559643066,0.3375721203267623,0.288883541294609,0.341196004091746,0.3123911657158884,0.37199765337500923,0.3063578532077743,0.3073783821911181,0.29591928228258313,0.26291676469190817,0.33664300341316744,0.2922412058972919,0.3370722613451954,0.304601971314609,0.3759115129805982,0.4012328237617954,0.28848994051906157,0.26020098444033946,0.3463905013682477,0.3403226090028922,0.32274843959050475,0.32483959211985275,0.341208896900786,0.2930656876481134,0.2914883517702441,0.2725977147013285,0.2973258565913868,0.26457963980401167,0.2854353216492531,0.2846544966740172,0.3689406827452184,0.38884960719382705,0.29381342087133594,0.22724432191916769,0.26041728115806495,0.2717011022260158
BAR-80s_MED_08,0.3469094278103278,0.4234091899354975,1.0000000000000013,0.412931563609521,0.3686180064784858,0.4310535561743392,0.35203944198181314,0.35119141508922574,0.3875972495569514,0.4409483929116919,0.3902588208873871,0.3839679150975141,0.38886159012719823,0.37335574170938474,0.37417653903169834,0.38139154991590235,0.3725029816149543,0.4512599952413805,0.39230878206597947,0.32765298850517655,0.3772988187519708,0.3854516464534575,0.3512912520107133,0.3067554153512933,0.41167003548378395,0.4292371140274901,0.3556524756905355,0.373578923151219,0.35736533460176934,0.38199122746170094,0.3451596725490299,0.3702864059601933,0.3321953837370269,0.43439659463117264,0.36978134796673495,0.3891230686163957,0.33386665966972723,0.3789561306573773,0.3673666550920531,0.34803709862267806,0.3704986366798312,0.4140191890540644,0.3825107065357302,0.36641161681138945,0.3373115382996743,0.32321660938485625,0.4105118099253011,0.40778141944594,0.3531918611328207,0.4229710071800971,0.40251807532284545,0.3861736868281264,0.34470797089916444,0.3252195798210298,0.3810997269852319,0.30067664756661844,0.31630430325733017,0.39012949975662775,0.3970344178011897,0.3844872569919906,0.3481569907197035,0.28962713196003004,0.33519052232892155,0.3186450153223796
BAR-80s_MED_13,0.34359784749260125,0.33361774596340854,0.412931563609521,1.0000000000000002,0.3518922743096483,0.35395729660281827,0.36051100643224565,0.3094382144125167,0.394574883782227,0.3461399144711286,0.3734523065998132,0.3788001700058082,0.32729871321810555,0.34357233202773146,0.3351295440704229,0.3610137048503933,0.34936744274626824,0.374588951669597,0.35721597494723223,0.3904476082253598,0.34330511091736726,0.35451393979980567,0.36079393107551405,0.28490069031287474,0.35252767744920493,0.31985198363573936,0.3290791940793393,0.3463175389165414,0.33309965922191287,0.3288731114781771,0.31518812043702077,0.3230289951435478,0.32553548983387415,0.3453625658267965,0.323277401849875,0.38937071214863306,0.3297083514517421,0.3408370827746004,0.3568109370833968,0.3038890613059417,0.3810665119473737,0.36746240173961087,0.37755158578359727,0.3419490219656523,0.31783386059900937,0.30951866475684087,0.3534843875816184,0.34544282433219875,0.3548315753932654,0.3641936357342005,0.3378002792229769,0.38866580311959764,0.33418423446609286,0.3104292804952933,0.37535532542514805,0.34049986749611977,0.35712943993090285,0.34212642751564193,0.3707836772650557,0.37552249299543816,0.35528044900462785,0.26889788040693147,0.32910727794506306,0.31838374543688763
BAR-Ele_LOW_09,0.32217204554710915,0.35755068392282036,0.3686180064784858,0.3518922743096483,1.0,0.3901098871722957,0.3452169619224257,0.3158213177269597,0.3298429380099608,0.37186723725343707,0.3156736006067872,0.31819616062665906,0.34654985378383096,0.370825692250282,0.3970175426669265,0.36319322230203177,0.3237569811309712,0.3729967568827872,0.31294357266522926,0.3213812817814606,0.4312203363391083,0.40314237903042416,0.349808825911384,0.304270911567249,0.36149928355358657,0.3335494034534582,0.28931654188733036,0.29957970778235926,0.35354317877953584,0.3589421100290919,0.32838144990195356,0.34225430013452546,0.2823345245350639,0.3265900189434234,0.3074355016943146,0.3166326323011574,0.4223236862013205,0.33917261651859154,0.33781235428439965,0.34319489717419616,0.33053774091987737,0.3375896311224475,0.3163748948866728,0.2857256107410083,0.3457014919751235,0.3508354865757675,0.4492458667250835,0.3647218900934545,0.3213366787791431,0.3683658433156347,0.3084635878055632,0.35440965434101707,0.4558292532763261,0.3570706803655067,0.3394341725287683,0.30573507008015605,0.3194318866021323,0.3170798121404564,0.32855088245252906,0.31782740597342435,0.3588724353686784,0.30425558122051394,0.3752678720364155,0.3298118548115635
BAR-Ele_LOW_14,0.33065443611543216,0.4056285199456607,0.4310535561743392,0.35395729660281827,0.3901098871722957,0.9999999999999998,0.33393196551724913,0.31249050707803777,0.3575730352176995,0.37558243868489233,0.3733935239891696,0.3459773566765342,0.358840544536215,0.35074877617471206,0.3678886424146804,0.3348324784545539,0.349695442778356,0.421399390097536,0.3337112429745454,0.31829059735346776,0.44145541934748606,0.5395614748286841,0.3633765917214986,0.30602301266996684,0.3796947857587121,0.33636044236296886,0.33446540812961456,0.34141324773759063,0.3689735657518736,0.3771095308265004,0.31305643941646405,0.3378308415310012,0.31304737214431877,0.31160015400845037,0.29823615172045886,0.3120754529428766,0.34906642478139127,0.40161969229209865,0.36877391663571624,0.31010788875824785,0.37153865199488517,0.3577558596018399,0.3474912438898609,0.3137747934147685,0.32280516634819395,0.3250456710537977,0.36700841287766683,0.3519700701791613,0.34584655098775235,0.3739696717107849,0.37337929191170166,0.36778762989773506,0.4339114794181914,0.4526677476476749,0.3246118599333295,0.3120818199874642,0.3466876736381676,0.3199151001756005,0.35801724662548634,0.3558653529978397,0.3757335664615541,0.3066079063077427,0.3406903754508233,0.309939907334256
BAR-Ele_MED_19,0.396090419519426,0.31226551240592004,0.35203944198181314,0.36051100643224565,0.3452169619224257,0.33393196551724913,0.999999999999999,0.33934027467138345,0.3258891903913408,0.3282324799506499,0.3789899951687549,0.35933488410482733,0.30890755363683486,0.32235607741290745,0.32757620751209476,0.30608312400762727,0.3240327281026048,0.34351157882778127,0.3002689524469272,0.3202105694379861,0.31666291043958056,0.30618381374399056,0.3720773924140161,0.29355899931901563,0.3435171341591494,0.30336034965902103,0.2897333811684208,0.34148212148218415,0.3124185013611848,0.3235879972994703,0.27816495267279445,0.2929245212479092,0.33651106549489646,0.28505429584381037,0.2935756065432297,0.33787669651547764,0.3227629392169412,0.2935242150091549,0.41436839115858076,0.3360152034646513,0.3401179221757192,0.32634261934543324,0.34680328830251794,0.31544521934592956,0.3000721815927074,0.30114734862558523,0.34142253347790363,0.3240765874663563,0.34349547697245914,0.3124776628566447,0.30376494311796404,0.33895815169249005,0.33572229457144587,0.27535657118814744,0.4087127567794166,0.33202131393820516,0.29201234016923955,0.28022785075805917,0.3360903252384748,0.3668355843597081,0.2960472532758835,0.23108190841821985,0.27989152552914087,0.26259577789289357
BAR-Ele_MED_20,0.33043915077482744,0.3231515916116766,0.35119141508922574,0.3094382144125167,0.3158213177269597,0.31249050707803777,0.33934027467138345,0.9999999999999998,0.2919391932494311,0.33435033569733547,0.35552996915503027,0.33261189237463357,0.3225986630891532,0.266168055445011,0.3126999565524116,0.29779547603815204,0.31322559077392215,0.34277559737262603,0.29292869026334617,0.3355860903527945,0.29234872402483375,0.2647465440236416,0.32879510273251267,0.34248155689114684,0.3107619766726528,0.28143341517421716,0.30584519608801924,0.32726830570669596,0.27984010624624334,0.2885609493333474,0.29589573325311974,0.2652444312965019,0.345597453290301,0.28257449761882625,0.2938829905712719,0.3159524721743814,0.31119402953966996,0.27504534902111494,0.3346647954843306,0.358914716838902,0.2881036284654815,0.3089558440836106,0.3114872605952226,0.3270216698569365,0.2750707145951412,0.2680032069678717,0.3207941956577579,0.3198408659848533,0.3424745637581752,0.31487060593176525,0.2971433251989899,0.34583440453630615,0.3027335686718709,0.2523167223889526,0.3348801202367749,0.3238565639475475,0.26730684410781697,0.2712692841330819,0.32483856582313225,0.3403410529396414,0.2742150499256456,0.24380069362696294,0.25678708432548286,0.2637756065865871
BAR-Jaz_LOW_19,0.30662581785398163,0.3335052269916338,0.3875972495569514,0.394574883782227,0.3298429380099608,0.3575730352176995,0.3258891903913408,0.2919391932494311,1.0000000000000002,0.3254687082524507,0.35035647956856114,0.38117639583548546,0.32877465079763524,0.32854708252857184,0.32055438616370185,0.3525044250237612,0.34022733326185123,0.34263296791016806,0.3069133685668545,0.2972027212997553,0.3275959711356313,0.33657074803531717,0.3198896305121097,0.241594856521321,0.40215083591354384,0.325318768324905,0.30435003429754126,0.36932267456809664,0.3075904063052083,0.3247430469088478,0.3477314587986187,0.31583698208805827,0.2934518402251928,0.29625929276961077,0.27536442718932236,0.2959478209160365,0.30158883756434157,0.346467753647503,0.31325568390693026,0.26213981549660614,0.483584094561408,0.3418897802284167,0.33819599229969377,0.33071000651220134,0.2841511514396073,0.30406542894400485,0.3617079472422382,0.3200919048580452,0.3029188406135184,0.35378337605141436,0.3621401580388659,0.34251544337449197,0.29251052662517646,0.3350442231175421,0.34461029084129213,0.27487288658177944,0.47759833846264566,0.3502850429303124,0.3442152740097136,0.3515369152956454,0.3029116315581592,0.26786373910343503,0.2984914941363432,0.27556410822970595
BAR-Jaz_LOW_21,0.3450714794836973,0.4394420455825858,0.4409483929116919,0.3461399144711286,0.37186723725343707,0.37558243868489233,0.3282324799506499,0.33435033569733547,0.3254687082524507,0.9999999999999999,0.41752524903918153,0.37816114859256117,0.3604870023788777,0.3249405742161732,0.33505476328298434,0.32346256461414785,0.34492527894865394,0.4083636010732811,0.33314722219219123,0.3285807329513238,0.3501537039530639,0.33705953150554685,0.33278714069572496,0.2723565619204058,0.3882810582157114,0.4249584409690445,0.32980010425821205,0.3520638042949575,0.3103430271402478,0.34762184537972207,0.2964043839365273,0.31111976029982336,0.31247775457845844,0.3371882943327638,0.3196428706089547,0.3179064180692377,0.305654588849549,0.29925832373094696,0.33545091434176955,0.3206608665761139,0.346046527597154,0.39243731354167427,0.37670905272569355,0.36173418730110063,0.30052767056431723,0.2875021246195832,0.3649665280919908,0.36533266995538993,0.33856514983085656,0.36614239603828375,0.35286974348607825,0.31426829567167575,0.3194525829012678,0.2765992216509882,0.3266330020953293,0.3045377685101207,0.3250347009529028,0.4100993423626341,0.36192287091488545,0.384513236557633,0.3109485808258931,0.2570114244896821,0.3121045221828604,0.29538432419299593
BAR-Jaz_MED_02,0.4157495311440421,0.3985502861626244,0.3902588208873871,0.3734523065998132,0.3156736006067872,0.3733935239891696,0.3789899951687549,0.35552996915503027,0.35035647956856114,0.41752524903918153,0.9999999999999996,0.4751951573760163,0.36408404057617477,0.33402568497926943,0.3662530199866535,0.3515603379252058,0.3977668796082908,0.38203288245395123,0.3404383061151723,0.34090884465065324,0.34250508080140335,0.3305854071887667,0.3558089184461624,0.30844540439212453,0.41177113521333564,0.3634955621890372,0.37755589297025327,0.462555905477516,0.3464557055358361,0.35563751857261305,0.3312553792194876,0.3471280036759318,0.37720869060910583,0.33156831457102215,0.2964175236313874,0.33714462757820307,0.3121469374149731,0.30316027605568374,0.3698138586145687,0.3450475300685249,0.38075685543396054,0.36150201086618267,0.43518128640139725,0.43029864268142215,0.3262232500994541,0.3079181314833886,0.3718939385538908,0.3665898814774684,0.4065467219985709,0.3802901762839285,0.3646814464941142,0.33041317125424613,0.3243011757029408,0.2808289100328862,0.35649788383443176,0.3087331536072197,0.2943991904843087,0.3074836151858867,0.38972172665419186,0.50625386411506,0.33329413453637446,0.2538978998276961,0.3298984769694349,0.30162076579085934
BAR-Jaz_MED_07,0.41389369216753163,0.39423750190071677,0.3839679150975141,0.3788001700058082,0.31819616062665906,0.3459773566765342,0.35933488410482733,0.33261189237463357,0.38117639583548546,0.37816114859256117,0.4751951573760163,0.9999999999999979,0.3259843226452653,0.34034371985871914,0.3443393060953438,0.32490160074504176,0.4299249070877329,0.3568271845865379,0.32067044762816654,0.3562520237498995,0.323109757978716,0.33409732610571297,0.3811281587939979,0.304323949713066,0.4007631080970369,0.34003924476099956,0.36684656927496473,0.5239615613331522,0.30141792941876105,0.3646947917769685,0.2993189636233257,0.31567254084532786,0.37814220344401006,0.3224427409481536,0.30754507108857587,0.3330601366543236,0.29606806551606424,0.30602402930827677,0.33794706179563083,0.35804741143703667,0.3684775284474702,0.3549222258630804,0.4591656972154386,0.5069543036608933,0.3109482538065842,0.31193026007567065,0.3492699589798675,0.3528342195150261,0.4271644499414747,0.3581769789592694,0.32761547734769714,0.3401535765516074,0.28264114510202554,0.2947188894789847,0.37380222035055916,0.32905155969700434,0.3057164367601113,0.3097389481255614,0.4413324788674599,0.5200620048831367,0.3068972044618416,0.2467217554838777,0.3054165046948195,0.2793447327165287
BAR-Met_LOW_09,0.33425858810190917,0.39137706289102014,0.38886159012719823,0.32729871321810555,0.34654985378383096,0.358840544536215,0.30890755363683486,0.3225986630891532,0.32877465079763524,0.3604870023788777,0.36408404057617477,0.3259843226452653,0.9999999999999998,0.3699753573346137,0.42567662659459127,0.38611031543678587,0.32981841989803873,0.3929575111819949,0.30208102539086296,0.3486891206417653,0.36337485583119383,0.3333578965634204,0.36627229584115184,0.29439888945236015,0.3804043654700035,0.3471020632304853,0.34428685003844206,0.3442282584979822,0.447411034720244,0.4301001431830607,0.38912171984930416,0.4124251000660727,0.3122208093292354,0.29935668494922385,0.3001710008925086,0.3138697341689041,0.33522619374990187,0.28373879418677195,0.3365568295224101,0.28463875232052493,0.31003918231956873,0.3141458412706621,0.3311731422882819,0.31390119116533105,0.3192867200561534,0.30159147526866714,0.42009571315295946,0.3997039607138595,0.332581049180512,0.34418721423620013,0.3465214812637061,0.31973591177901417,0.35156524942627554,0.27789844898143695,0.3304739368125514,0.27860036659483894,0.30858160521069555,0.28459606133553367,0.34171404391341953,0.33631268057859975,0.40923202014339255,0.25545677547192325,0.368445329161048,0.3492216517293834
BAR-Met_LOW_14,0.3343166307146999,0.3173535945621731,0.37335574170938474,0.34357233202773146,0.370825692250282,0.35074877617471206,0.32235607741290745,0.266168055445011,0.32854708252857184,0.3249405742161732,0.33402568497926943,0.34034371985871914,0.3699753573346137,1.0000000000000022,0.4210119630695246,0.3721409358624353,0.34078675657882984,0.3746848452295126,0.3236150535138393,0.30697615439539216,0.36632497407711484,0.3297228685173204,0.30227171891879945,0.2720155186292512,0.3523293081697833,0.3068991149397108,0.30272213570113876,0.3471671077293363,0.3676121428000361,0.38549114706479665,0.3641429564025965,0.3912254300449662,0.2842572239902325,0.3093824415326953,0.2897724015003094,0.32069904985271924,0.3893123366293838,0.3406304547539235,0.3125688946316856,0.3101127668307491,0.3105253820606643,0.3270809930807229,0.3368235676976533,0.32317446222658636,0.37093496849974156,0.40579755424268454,0.42736423657252187,0.38105606310423057,0.3237642267798405,0.3569152390852246,0.32075939367981027,0.30883449432612925,0.37967515188358,0.3590049811668214,0.31955221255893124,0.2739138298881128,0.298122362238356,0.31079445637034014,0.3313434602901249,0.3469313190048155,0.46608025672216374,0.41103662926121726,0.41030057255289915,0.3583046509106966
BAR-Met_MED_19,0.3465802402986077,0.34096934690091735,0.37417653903169834,0.3351295440704229,0.3970175426669265,0.3678886424146804,0.32757620751209476,0.3126999565524116,0.32055438616370185,0.33505476328298434,0.3662530199866535,0.3443393060953438,0.42567662659459127,0.4210119630695246,1.0000000000000002,0.3999996597782895,0.32902684907337804,0.38950564569607493,0.3453478788901343,0.3025629426779819,0.35343007523124814,0.3405431695191157,0.31341431231151073,0.2768729816779782,0.37450380105198317,0.32669649725751004,0.3070386731885506,0.3491075600520225,0.38600856759778146,0.4273948271675252,0.39905678386070903,0.4643741125619381,0.30720526257649045,0.33459888298776275,0.30833111797782414,0.3230514097172575,0.37976524038848347,0.32912755963117946,0.32152456051828515,0.31524246675855483,0.3258155379265097,0.3422310570564064,0.32827561419934737,0.3339334612943103,0.3477454489367234,0.37735273247349793,0.4521145931933511,0.443493001979746,0.32007561856074573,0.3678615989611189,0.3287920060787858,0.328780923791444,0.3810415598712009,0.3344884948687607,0.31856662018303333,0.2929564278961048,0.29042036989529924,0.3253084525510214,0.35039148622567917,0.36883180562719137,0.40778850588125215,0.3057740440961373,0.47688836114785355,0.4705658647607247
BAR-Met_MED_20,0.33458174093676823,0.3149047542979545,0.38139154991590235,0.3610137048503933,0.36319322230203177,0.3348324784545539,0.30608312400762727,0.29779547603815204,0.3525044250237612,0.32346256461414785,0.3515603379252058,0.32490160074504176,0.38611031543678587,0.3721409358624353,0.3999996597782895,0.9999999999999998,0.3489756241148918,0.3469865208347081,0.32748864464956234,0.31677278610657383,0.3709277431739824,0.3041859375747641,0.31961098635348356,0.29314352054946957,0.375907485858976,0.3353329362237063,0.34402335235262993,0.37098429822441403,0.4048726540716092,0.4252729879769245,0.4634778634475363,0.41507220904772346,0.3145541435595725,0.3266566198130593,0.2802177180210485,0.3208856022652454,0.36069986656680375,0.3506929693941196,0.30828125688543767,0.3021573796054016,0.31972462548907116,0.3470462100610399,0.3189687180920975,0.3162024254761903,0.4060966320030799,0.3397799664435689,0.4395712061118818,0.4356972260655216,0.33567465655326034,0.36808695488996623,0.33670671421207143,0.34762590728567444,0.3495001969111377,0.30826012447948525,0.3305152744745016,0.3153897883526947,0.2994907017417425,0.33693238656149216,0.34749164859472864,0.3383407728189652,0.39628831466960296,0.325658341519382,0.41242596938402726,0.3636225203641922
CONCERT-80s_LOW_02,0.40559448669959186,0.3477606274831971,0.3725029816149543,0.34936744274626824,0.3237569811309712,0.349695442778356,0.3240327281026048,0.31322559077392215,0.34022733326185123,0.34492527894865394,0.3977668796082908,0.4299249070877329,0.32981841989803873,0.34078675657882984,0.32902684907337804,0.3489756241148918,1.0000000000000004,0.36874693579475154,0.3176087064264099,0.36333868518547396,0.36468925343008785,0.3382570865270494,0.3226142662186576,0.2988935450613173,0.37645639911401324,0.33005482476708964,0.3590099232099675,0.41694360484389814,0.3251529225862897,0.3633403622205355,0.31985358357589405,0.37146192324272137,0.3890844545943342,0.32072539073334616,0.3004453206942264,0.32698646825246136,0.30651134733802415,0.2984758533920753,0.32147541840135174,0.3422318293234286,0.35401070079717084,0.32206759513448335,0.3708344971240602,0.3752542800891501,0.293083958750436,0.29597269190537745,0.37064604248310884,0.3250704708452974,0.3864530414397062,0.3426188975543274,0.3330376205735485,0.36235299351551653,0.3109047291563196,0.29571266175483585,0.34619641120161904,0.3064274578341691,0.2864141139925346,0.30203093001484976,0.418607219326082,0.3896581129517733,0.31535459262009496,0.2558252536109987,0.3085379307531471,0.2981463750940958
CONCERT-80s_LOW_06,0.3444423897015644,0.4726308133257796,0.4512599952413805,0.374588951669597,0.3729967568827872,0.421399390097536,0.34351157882778127,0.34277559737262603,0.34263296791016806,0.4083636010732811,0.38203288245395123,0.3568271845865379,0.3929575111819949,0.3746848452295126,0.38950564569607493,0.3469865208347081,0.36874693579475154,1.0000000000000002,0.37010827397992496,0.3794738043859833,0.38978394203579797,0.3674976333967167,0.3716356888863134,0.3039927980440305,0.3983156584770931,0.3658575507358107,0.3554511105757303,0.37603147244515006,0.36391310710694913,0.3792553064547099,0.34739246544538604,0.39114610618502516,0.3324360741734206,0.46074128759175464,0.3836692366183335,0.37269597533019155,0.3305868006063285,0.32423555609731197,0.38135474588870116,0.3123580546911567,0.37885928610199765,0.36609441730304604,0.3780528064078637,0.35136385988811264,0.3149567998300103,0.326377185682895,0.38807913203944755,0.391096425805702,0.34562131923418343,0.3851752961952684,0.42116512615842533,0.34515802694640807,0.3491349971696655,0.2988457529591776,0.35275874690597814,0.29490741233003603,0.32321856854017866,0.3163534977370915,0.38252965085269686,0.3771221622538656,0.3325597774821877,0.2689212494270897,0.3372526663799247,0.326362619268962
CONCERT-80s_MED_08,0.3267591834743324,0.32221444242810543,0.39230878206597947,0.35721597494723223,0.31294357266522926,0.3337112429745454,0.3002689524469272,0.29292869026334617,0.3069133685668545,0.33314722219219123,0.3404383061151723,0.32067044762816654,0.30208102539086296,0.3236150535138393,0.3453478788901343,0.32748864464956234,0.3176087064264099,0.37010827397992496,0.9999999999999996,0.3056209762984579,0.3322370012209497,0.31684425617655537,0.2945317139628572,0.25451273740732994,0.33366723219006866,0.33439467453055904,0.2952065101237754,0.35890554897493354,0.3217709319230066,0.3215477240280612,0.2865228401827989,0.28298493006126924,0.3161719999136649,0.37439246695727924,0.3412478578288543,0.33460081837615024,0.2833938895582961,0.3153722751630846,0.30012207969353816,0.30239460443796634,0.322883097146416,0.37163774343667594,0.3278255221297641,0.3112577413873874,0.29461638857938155,0.2714065259381372,0.35933092152861673,0.3276892441822845,0.320702863583544,0.40021278017156864,0.34867795074298136,0.3111099718144764,0.30388765508027293,0.28207353471328117,0.31126854009065574,0.2819284171370943,0.28996757913652893,0.3227559903577814,0.3211944461604939,0.3369698670310315,0.3088775304114843,0.2644055212054702,0.2732549743965431,0.32020922270057656
CONCERT-80s_MED_13,0.3239584957577362,0.3364861290101181,0.32765298850517655,0.3904476082253598,0.3213812817814606,0.31829059735346776,0.3202105694379861,0.3355860903527945,0.2972027212997553,0.3285807329513238,0.34090884465065324,0.3562520237498995,0.3486891206417653,0.30697615439539216,0.3025629426779819,0.31677278610657383,0.36333868518547396,0.3794738043859833,0.3056209762984579,1.0,0.3446974357400463,0.3056628087087623,0.37958183817512203,0.32240099780106873,0.34385264288833645,0.29881083396759567,0.3912329487017384,0.3764957113559069,0.3449859179523083,0.3779432862379087,0.32559528016704764,0.3333131475231906,0.3186852765279431,0.3167411792769374,0.3066927283470491,0.3569657722600786,0.33032158181795856,0.2778653339158236,0.3164579058573957,0.32003492816751944,0.30997319152888,0.3313644635033053,0.37192865489872995,0.3395325265234501,0.3101286863762805,0.2854345006108521,0.3516048252650065,0.3302952146914798,0.339375209718322,0.31654364528223994,0.3046000032153565,0.35628297735592124,0.31272127496969043,0.2945527471249211,0.34535313312026494,0.3175746977752378,0.2947239254428207,0.29725752068526423,0.360314758471967,0.36741814824724317,0.3381683262342666,0.2527273709908118,0.3028660930229407,0.2718386680097206
CONCERT-Ele_LOW_09,0.321277498659639,0.3559196332895728,0.3772988187519708,0.34330511091736726,0.4312203363391083,0.44145541934748606,0.31666291043958056,0.29234872402483375,0.3275959711356313,0.3501537039530639,0.34250508080140335,0.323109757978716,0.36337485583119383,0.36632497407711484,0.35343007523124814,0.3709277431739824,0.36468925343008785,0.38978394203579797,0.3322370012209497,0.3446974357400463,0.9999999999999977,0.41942702290888023,0.36159225660236455,0.30055947054633686,0.3731495409094644,0.33374394482274083,0.3260665456420322,0.34647270534305863,0.39626005315664753,0.4082904990629771,0.3688414843586606,0.3706204838445681,0.28956441383757153,0.31681744623665087,0.27698883174484157,0.317309541902486,0.3766669228128417,0.31825633787189445,0.31858330215060215,0.3099681806285706,0.32410298895545403,0.32641618581468895,0.3109793307300387,0.2821772576405377,0.37456127938940925,0.3170230223534504,0.40844148483923465,0.36047453764954007,0.33085685282170946,0.3564449653146788,0.3254423269252206,0.33412659234748154,0.426382194162024,0.3303146042716258,0.3196304817447346,0.31289948286640556,0.28992175550975735,0.3239801308183127,0.3303378342809988,0.3232730563064112,0.37956395386475833,0.3085379414321172,0.3341634057494387,0.30798721566726683
CONCERT-Ele_LOW_14,0.2992189952385424,0.3357284728236748,0.3854516464534575,0.35451393979980567,0.40314237903042416,0.5395614748286841,0.30618381374399056,0.2647465440236416,0.33657074803531717,0.33705953150554685,0.3305854071887667,0.33409732610571297,0.3333578965634204,0.3297228685173204,0.3405431695191157,0.3041859375747641,0.3382570865270494,0.3674976333967167,0.31684425617655537,0.3056628087087623,0.41942702290888023,1.0000000000000002,0.3431839115176377,0.26802915356887574,0.35074721797256425,0.30038304002296007,0.27839724439408137,0.3191143027574804,0.33521145926583246,0.3694323950050932,0.2846344980233615,0.3365493971367022,0.26501365039334207,0.28552304796630307,0.2746672347658444,0.290888003899538,0.3341288319884059,0.4226556239033689,0.30640200395728173,0.2806820427317252,0.3763168058061944,0.3116474270468646,0.3236413527291564,0.29362429904737103,0.303244365621356,0.3090647008204822,0.37834069720305996,0.30789405584820784,0.3015544947003957,0.3577975255703129,0.3247155812729059,0.34519280957063375,0.41100080454971916,0.46081019472534285,0.3089232431757708,0.28235307476509025,0.3379335500013851,0.30502863877158937,0.3566249847524515,0.30914993014100667,0.3557482312318397,0.31511108881132416,0.32613230610045635,0.3053905152694997
CONCERT-Ele_MED_19,0.3590772440197555,0.3746323641997217,0.3512912520107133,0.36079393107551405,0.349808825911384,0.3633765917214986,0.3720773924140161,0.32879510273251267,0.3198896305121097,0.33278714069572496,0.3558089184461624,0.3811281587939979,0.36627229584115184,0.30227171891879945,0.31341431231151073,0.31961098635348356,0.3226142662186576,0.3716356888863134,0.2945317139628572,0.37958183817512203,0.36159225660236455,0.3431839115176377,1.0,0.29057815176760843,0.33906094114735635,0.3003610824422054,0.3348261176344711,0.36630009820306425,0.34373346326359183,0.3490334223736273,0.321344037561833,0.32831309276535836,0.3383978107011539,0.2962271753881801,0.32665809291311854,0.3289770056557099,0.35266439530453886,0.2941950967751446,0.3908783678897869,0.3180904779695281,0.32107646148105273,0.30113408609701753,0.34311093648286917,0.3402691008565419,0.31615374872623075,0.27319795966722304,0.34080251686502006,0.33016308201144184,0.397245852219382,0.3207245300797309,0.3238734676907793,0.35295121333097407,0.34043614452163434,0.2723148385742629,0.4054173970993806,0.32452137857376984,0.3117566402812538,0.29643287576956223,0.35273044210909127,0.3711823103260679,0.3336181282136166,0.2548588099696095,0.31842544710843684,0.28610652521967467
CONCERT-Ele_MED_20,0.31941556907176516,0.2697848840008003,0.3067554153512933,0.28490069031287474,0.304270911567249,0.30602301266996684,0.29355899931901563,0.34248155689114684,0.241594856521321,0.2723565619204058,0.30844540439212453,0.304323949713066,0.29439888945236015,0.2720155186292512,0.2768729816779782,0.29314352054946957,0.2988935450613173,0.3039927980440305,0.25451273740732994,0.32240099780106873,0.30055947054633686,0.26802915356887574,0.29057815176760843,0.9999999999999994,0.2933629099494289,0.2530133262966271,0.2812760318463865,0.28215802694755543,0.30250049718350347,0.29591423411809836,0.27889590248176094,0.27402266762227007,0.29080535623075754,0.2573660858963357,0.2611322278508947,0.32261139340544764,0.3049088166920976,0.2642565886429206,0.29348602777926464,0.3577259707374078,0.2383468061212966,0.3167670870017675,0.2901280552318703,0.27477190110699307,0.2880714056975124,0.28120781349826274,0.3164221798199416,0.3083530209736415,0.3113688097728585,0.2752818863150152,0.2672320825353056,0.33552263623687734,0.31416093627042263,0.2675656808340158,0.29705719238603917,0.35226004687725293,0.23239116015601535,0.2639804685201365,0.2830151899633,0.30265687276717895,0.28090357173489583,0.2322551158585866,0.2549216906031689,0.2640622118939186
CONCERT-Jaz_LOW_19,0.34618383518177726,0.4021344959561126,0.41167003548378395,0.35252767744920493,0.36149928355358657,0.3796947857587121,0.3435171341591494,0.3107619766726528,0.40215083591354384,0.3882810582157114,0.41177113521333564,0.4007631080970369,0.3804043654700035,0.3523293081697833,0.37450380105198317,0.375907485858976,0.37645639911401324,0.3983156584770931,0.33366723219006866,0.34385264288833645,0.3731495409094644,0.35074721797256425,0.33906094114735635,0.2933629099494289,1.0,0.3390078710989177,0.38000847103253316,0.4078959254558744,0.4081398283262382,0.3968702777806711,0.3614196854588086,0.3654043608359776,0.3235839301263678,0.34135247420426806,0.306408097860911,0.3087517301876988,0.3350017593643935,0.3276136849699318,0.37600340583919334,0.32355825705149793,0.4327080292314568,0.3614507505824469,0.3745630280990226,0.37808560578152284,0.3241165986566646,0.3325357762985507,0.41558917965256414,0.37741025307857834,0.3374783090472793,0.34225529154259526,0.36402765714103336,0.3299152366209761,0.33094510717469217,0.3351370931951647,0.35887528594514306,0.2791321959865668,0.36903955722443027,0.3343659905883599,0.3876821341374306,0.41327077833213566,0.35901744512009975,0.25842604493276283,0.322007295919329,0.32125587263463273
CONCERT-Jaz_LOW_21,0.32584808164742673,0.35010831956742894,0.4292371140274901,0.31985198363573936,0.3335494034534582,0.33636044236296886,0.30336034965902103,0.28143341517421716,0.325318768324905,0.4249584409690445,0.3634955621890372,0.34003924476099956,0.3471020632304853,0.3068991149397108,0.32669649725751004,0.3353329362237063,0.33005482476708964,0.3658575507358107,0.33439467453055904,0.29881083396759567,0.33374394482274083,0.30038304002296007,0.3003610824422054,0.2530133262966271,0.3390078710989177,0.9999999999999999,0.30665873968403395,0.3349521146191864,0.30961883161280607,0.3385666990863202,0.3126622365108021,0.32680197461916843,0.2875662090594129,0.31866082821878705,0.30873331090564243,0.30603876879650654,0.2906525063481721,0.28283805114676674,0.32509389922840787,0.2838775624354875,0.3125034525358529,0.440357836148875,0.32267189565190363,0.3119291718695394,0.2982422086603805,0.26459420793807265,0.3383540177912707,0.3349066459098866,0.31520396404722956,0.36468402153795904,0.33739768459506936,0.31966608539049707,0.31285303400688896,0.2666490832455606,0.3143921316056153,0.2727583857415679,0.27378977972609686,0.383606366397414,0.345009870694325,0.3375060781548108,0.3091005306766094,0.2491141230813664,0.2919786891928632,0.2895825197220649
CONCERT-Jaz_MED_02,0.33624958428300006,0.3308027286632646,0.3556524756905355,0.3290791940793393,0.28931654188733036,0.33446540812961456,0.2897333811684208,0.30584519608801924,0.30435003429754126,0.32980010425821205,0.37755589297025327,0.36684656927496473,0.34428685003844206,0.30272213570113876,0.3070386731885506,0.34402335235262993,0.3590099232099675,0.3554511105757303,0.2952065101237754,0.3912329487017384,0.3260665456420322,0.27839724439408137,0.3348261176344711,0.2812760318463865,0.38000847103253316,0.30665873968403395,0.9999999999999998,0.42471607096571884,0.35252594944624777,0.3759912372582694,0.3356205070569807,0.34647409393089573,0.3304151353382825,0.27158273232221336,0.2832834887744105,0.31075311828252467,0.27535056959623455,0.2625814173172119,0.2921845349769549,0.2817099319904857,0.3068991203499519,0.30554088237894894,0.363023784648021,0.37991944600174476,0.2966854750975872,0.26292846955577825,0.3513074674709187,0.34539878698301807,0.3486332903218279,0.3079476048566998,0.3252341171845848,0.3283178538434388,0.2795575905791583,0.25604256733748243,0.31662331736698085,0.27858875346803863,0.27467505134475856,0.2896021155574976,0.3779781113430001,0.37442091180181936,0.3137877479628142,0.2282848501951334,0.28575497427354546,0.2653083523459272
CONCERT-Jaz_MED_07,0.35092108241451,0.3996669978199748,0.373578923151219,0.3463175389165414,0.29957970778235926,0.34141324773759063,0.34148212148218415,0.32726830570669596,0.36932267456809664,0.3520638042949575,0.462555905477516,0.5239615613331522,0.3442282584979822,0.3471671077293363,0.3491075600520225,0.37098429822441403,0.41694360484389814,0.37603147244515006,0.35890554897493354,0.3764957113559069,0.34647270534305863,0.3191143027574804,0.36630009820306425,0.28215802694755543,0.4078959254558744,0.3349521146191864,0.42471607096571884,1.0000000000000004,0.32622753857133047,0.3837370619342376,0.34231586006504716,0.35830535645302225,0.3779829299102683,0.30785807529264875,0.2904522887087908,0.3275190636686812,0.28892359602191725,0.27815017908182654,0.30996303995861135,0.31056850327125973,0.3743691279813313,0.3238139659338395,0.4764312062949038,0.4831408002477388,0.29787873633700745,0.28160985296270163,0.3536781451240725,0.359844534387917,0.34781460249573687,0.36785620912645367,0.3124134632297212,0.31675823461096786,0.29053323288885113,0.2734704582999142,0.33222855285148034,0.29626474761967847,0.30565711650714034,0.29840287300623897,0.44319677923255313,0.5283614528825921,0.31851664558310283,0.23104671194394483,0.32364665005528986,0.279695461198231
CONCERT-Met_LOW_09,0.33993165671075576,0.31332925559643066,0.35736533460176934,0.33309965922191287,0.35354317877953584,0.3689735657518736,0.3124185013611848,0.27984010624624334,0.3075904063052083,0.3103430271402478,0.3464557055358361,0.30141792941876105,0.447411034720244,0.3676121428000361,0.38600856759778146,0.4048726540716092,0.3251529225862897,0.36391310710694913,0.3217709319230066,0.3449859179523083,0.39626005315664753,0.33521145926583246,0.34373346326359183,0.30250049718350347,0.4081398283262382,0.30961883161280607,0.35252594944624777,0.32622753857133047,1.0,0.4272456920864529,0.3969766865853902,0.40431035167847607,0.29009831744757697,0.3057240520021866,0.2871455482476322,0.3398344952991514,0.32913504214634026,0.2970904767055554,0.32902348647748314,0.30730359348895453,0.33019332563419435,0.3489752507748871,0.32565751919593916,0.2962943525839615,0.3488528837234305,0.3236867834314912,0.3890101612032008,0.39180383366618676,0.3481669734843693,0.3227474063617,0.32047269949318585,0.3339398044052512,0.34178234982468386,0.29806864228076735,0.33057407519266063,0.27673326166215106,0.2817095734657566,0.2947597479033047,0.3339218944766697,0.34016842680338394,0.4057460437513887,0.2823954693197496,0.3614962159477945,0.33934795551260855
CONCERT-Met_LOW_14,0.32489217339055265,0.3375721203267623,0.38199122746170094,0.3288731114781771,0.3589421100290919,0.3771095308265004,0.3235879972994703,0.2885609493333474,0.3247430469088478,0.34762184537972207,0.35563751857261305,0.3646947917769685,0.4301001431830607,0.38549114706479665,0.4273948271675252,0.4252729879769245,0.3633403622205355,0.3792553064547099,0.3215477240280612,0.3779432862379087,0.4082904990629771,0.3694323950050932,0.3490334223736273,0.29591423411809836,0.3968702777806711,0.3385666990863202,0.3759912372582694,0.3837370619342376,0.4272456920864529,0.9999999999999998,0.43782953390560475,0.5307617154175437,0.30529367158960097,0.32215367732353895,0.2998553204425634,0.31359845936119174,0.3580058384501058,0.34081775527036784,0.30087816332563766,0.30123262499659037,0.3283121835688814,0.32794852544700415,0.3539502829031568,0.3080579603637697,0.3424330174644256,0.3810934502863908,0.4758917106881933,0.4683637950692388,0.34160950385153216,0.3549287738287908,0.3297516049534843,0.3269688127042209,0.373215319427609,0.33838057598569254,0.31907055087598646,0.28777257719312965,0.3311076829229492,0.30262409538121327,0.35674269078746446,0.33838503948030296,0.4262493808284926,0.3175325953599925,0.43242189048499796,0.36486445849413024
