ClipContext_pair,BAR-80s_LOW_02,BAR-80s_LOW_06,BAR-80s_MED_08,BAR-80s_MED_13,BAR-Ele_LOW_09,BAR-Ele_LOW_14,BAR-Ele_MED_19,BAR-Ele_MED_20,BAR-Jaz_LOW_19,BAR-Jaz_LOW_21,BAR-Jaz_MED_02,BAR-Jaz_MED_07,BAR-Met_LOW_09,BAR-Met_LOW_14,BAR-Met_MED_19,BAR-Met_MED_20,CONCERT-80s_LOW_02,CONCERT-80s_LOW_06,CONCERT-80s_MED_08,CONCERT-80s_MED_13,CONCERT-Ele_LOW_09,CONCERT-Ele_LOW_14,CONCERT-Ele_MED_19,CONCERT-Ele_MED_20,CONCERT-Jaz_LOW_19,CONCERT-Jaz_LOW_21,CONCERT-Jaz_MED_02,CONCERT-Jaz_MED_07,CONCERT-Met_LOW_09,CONCERT-Met_LOW_14,CONCERT-Met_MED_19,CONCERT-Met_MED_20,MOVIE-80s_LOW_02,MOVIE-80s_LOW_06,MOVIE-80s_MED_08,MOVIE-80s_MED_13,MOVIE-Ele_LOW_09,MOVIE-Ele_LOW_14,MOVIE-Ele_MED_19,MOVIE-Ele_MED_20,MOVIE-Jaz_LOW_19,MOVIE-Jaz_LOW_21,MOVIE-Jaz_MED_02,MOVIE-Jaz_MED_07,MOVIE-Met_LOW_09,MOVIE-Met_LOW_14,MOVIE-Met_MED_19,MOVIE-Met_MED_20,VIDEOGAME-80s_LOW_02,VIDEOGAME-80s_LOW_06,VIDEOGAME-80s_MED_08,VIDEOGAME-80s_MED_13,VIDEOGAME-Ele_LOW_09,VIDEOGAME-Ele_LOW_14,VIDEOGAME-Ele_MED_19,VIDEOGAME-Ele_MED_20,VIDEOGAME-Jaz_LOW_19,VIDEOGAME-Jaz_LOW_21,VIDEOGAME-Jaz_MED_02,VIDEOGAME-Jaz_MED_07,VIDEOGAME-Met_LOW_09,VIDEOGAME-Met_LOW_14,VIDEOGAME-Met_MED_19,VIDEOGAME-Met_MED_20
BAR-80s_LOW_02,1.0000000000000009,0.3400248229126516,0.3444416441659001,0.33622300615107126,0.3216464265060324,0.3292029998170183,0.39573255349327596,0.3324887237200645,0.2997001915970266,0.3432150967123074,0.41458123832031146,0.4164378611040879,0.3352780270592186,0.32716770430079906,0.3534090442340865,0.3416749523537348,0.4058591311738789,0.34294988543969,0.32601246629273145,0.32353926469833927,0.31833873390680506,0.29607951754226763,0.3602754383869746,0.3216848990666379,0.3461289454666333,0.3317646522950343,0.3360792516518115,0.3474149781560215,0.3430143709465258,0.3315018885678259,0.313194117564542,0.3656504431216602,0.4011613283411852,0.3051315873478316,0.32525799356849594,0.34671910906145814,0.32334847390276134,0.29076373558255353,0.3844077103852981,0.3407869281772528,0.3042553526885243,0.353921834383741,0.3854633881419081,0.39311081972092643,0.3316465216258278,0.3033277469626162,0.3653143098908109,0.35542814041537496,0.4327383010302421,0.32612923762421636,0.33479906508315577,0.33607863305663377,0.31596488723553534,0.2619258491529878,0.3800609349790772,0.32688388770772553,0.25876958770884695,0.30815491079981794,0.36420684311077295,0.42755293321492177,0.3186722419973739,0.24853164009714857,0.30845895831904396,0.29970188984568996
BAR-80s_LOW_06,0.3400248229126516,1.0,0.42763148432584913,0.33479920929163387,0.36179786953099285,0.41309697825755637,0.31187412308573637,0.3250999815415942,0.33331409571168047,0.4445273762836575,0.39974438954198854,0.4053506274119197,0.38997557801481125,0.3157827232853201,0.35052885484563806,0.3162385371819358,0.3606337540049792,0.4759346280503501,0.32534706867983165,0.33821227502830065,0.3580426574226018,0.34154916137224434,0.38056174581187296,0.27226924944980296,0.40206979506802965,0.3622163303767158,0.33113177925073817,0.40529104845242564,0.3107419205538063,0.3431467933268035,0.2934340965177411,0.3975690433438458,0.3152426059393805,0.37237784111600547,0.3061310559838618,0.3099618161790301,0.29776044563872517,0.2645898497901119,0.34445969967613166,0.29384083558570456,0.33738000109529115,0.3058683693412011,0.3763935398133494,0.4005454960028613,0.290487334551261,0.2618566427023567,0.3476521084235294,0.35287363187024623,0.3212913922480263,0.3292902825511625,0.34245679451862526,0.296164566290079,0.2972064623681853,0.2745151562041578,0.2972887725712207,0.2646982558773225,0.2864196197387708,0.2849406569874856,0.37022717134913086,0.3874434210389914,0.2921471374636614,0.22813594541456503,0.2743263088986706,0.2813410480631655
BAR-80s_MED_08,0.3444416441659001,0.42763148432584913,1.0000000000000007,0.40669763654446073,0.37220626531264656,0.43621230635115166,0.35214782444170484,0.3552841255124513,0.3816926202715298,0.43634424701706004,0.38311214630719964,0.38839489729897436,0.37359615505290394,0.3482295826424483,0.38208380674595543,0.36828398852945987,0.362892207535555,0.4484885019382744,0.3959007663616613,0.32425177441198355,0.3777198363532316,0.38679018129568565,0.352211382261799,0.3092086183906005,0.40177672645003676,0.4441777622587022,0.34182033881436585,0.362379216088207,0.34681401468464695,0.37730852630361844,0.338413540635178,0.4112543433006931,0.3381413742771918,0.43224503861312424,0.3680568235018594,0.388089628595122,0.3316359559818585,0.3731491434055259,0.3715344836591635,0.3497493492488963,0.3626724641821345,0.41098924795545516,0.3758497160011422,0.3543450868117904,0.3341088436157348,0.32655276734667804,0.4084960391586426,0.41759133982620483,0.34685827470561653,0.4095780750067846,0.39708991718667314,0.38411854737819884,0.3562587134532015,0.32367883706318784,0.37996012214776004,0.2976381941602659,0.3091130877502703,0.3851411315307274,0.38801845815297603,0.3787490106318145,0.33675214940869597,0.2895796446354025,0.3382313678621562,0.3227746603720113
BAR-80s_MED_13,0.33622300615107126,0.33479920929163387,0.40669763654446073,1.0000000000000004,0.3471013236177826,0.34333620655336144,0.3602037683198595,0.31421959185581766,0.3823601340009575,0.33883447211592976,0.36578238878764013,0.3664872823306373,0.32298600453186893,0.3219829153336046,0.3385468988952801,0.3645800158154637,0.34176726185404604,0.3732773578534085,0.35218367857046357,0.39283038652014574,0.3369702887058688,0.3412149223611711,0.35661041806738286,0.2880736835749472,0.34827544475407074,0.3162245123363145,0.32850407437719076,0.3301851139795698,0.332882586683989,0.32821646457523357,0.32363660388920357,0.36523143352334786,0.3278086652665868,0.3468897494388633,0.32189420671797647,0.39367163685958567,0.3289619275683043,0.32782991118327115,0.35909823104727717,0.29598976309538133,0.3735130095567063,0.36240021940401296,0.3639830681584314,0.33504649169549144,0.31615884455765425,0.31034466118477977,0.35416124439385793,0.35903646995413957,0.3427929034486041,0.3434105432267982,0.3270081136690642,0.3842430177807713,0.33936986698435045,0.29838974684578057,0.36873662425865444,0.33341088060768487,0.33580241733266075,0.3221306105877374,0.35940538459372456,0.3649251843872276,0.34705741289767883,0.26013093626873096,0.3148207249709099,0.311942622067248
BAR-Ele_LOW_09,0.3216464265060324,0.36179786953099285,0.37220626531264656,0.3471013236177826,0.9999999999999998,0.3782950537600211,0.34708436983584257,0.31974989032659384,0.3305192683498163,0.373698093480774,0.3160160929149531,0.32951459295812996,0.35081085910204457,0.3650617115400054,0.4090802207210525,0.3672561907725106,0.32834026843120656,0.3745169578498352,0.3151943696627072,0.32492833806579124,0.43165155328414057,0.38909643930625654,0.3585749149696254,0.30786462868918557,0.364096057584679,0.3344421118879366,0.29405316622749145,0.3010189650236182,0.35181411728803846,0.3726017253396791,0.34226274618212194,0.4040305528823588,0.28656255487094673,0.3261742713749133,0.30717834931171395,0.3180448575959484,0.4207469356118078,0.3267081052194903,0.33281594132245185,0.34022364777902664,0.3260568542458019,0.32988826555845163,0.31247456632053044,0.28385374626132737,0.3443616842246305,0.35422658898235926,0.4533084798262407,0.38486480525456906,0.31720152551217334,0.36046758069719204,0.30557703045608964,0.35006155266881744,0.45150594168519526,0.3442559529535733,0.3359488324730718,0.29994073675945665,0.307120479750912,0.3084311129745014,0.32134216697645557,0.32099357575351345,0.3504389725674499,0.29457263807754547,0.3817085624894332,0.3366594696294641
BAR-Ele_LOW_14,0.3292029998170183,0.41309697825755637,0.43621230635115166,0.34333620655336144,0.3782950537600211,1.0000000000000002,0.33812893473159633,0.31941747405754367,0.35575551178650416,0.37579607328721615,0.37304064822001143,0.3564328074953532,0.36369228602963194,0.3394939124053016,0.38104623232070745,0.3406831278865694,0.35437015725228793,0.4252611911708995,0.3374125906165209,0.3233347628622802,0.4427958793844824,0.5205599605937017,0.3711716270801958,0.31343410448898185,0.38264588792476034,0.3390523639712898,0.3413688371036656,0.3423412745304903,0.3677983777858302,0.39149069964065725,0.32798365120380674,0.39205683111095235,0.3240087770092605,0.31953978379088493,0.3012126440287453,0.3182459669683328,0.35036840779693085,0.3864055323699316,0.3776928035497424,0.30751880047041746,0.3651650866189375,0.3547464907257261,0.3410189797432741,0.31463552501994796,0.31927147415607904,0.32948279742333003,0.3696223546906781,0.37040463072325136,0.3414319322456628,0.3576233827978152,0.3688900102359951,0.36612437464302755,0.4313318058669432,0.43743646750618204,0.3216085760175161,0.30873777314417866,0.32599359887453977,0.30389619299385684,0.3502918662721719,0.355718099768037,0.36345263675218187,0.2922343557999925,0.32474653606776166,0.31231220067849913
BAR-Ele_MED_19,0.39573255349327596,0.31187412308573637,0.35214782444170484,0.3602037683198595,0.34708436983584257,0.33812893473159633,0.9999999999999952,0.339822898202672,0.3200898073323846,0.3277259850548774,0.3804360732645529,0.3595141481932338,0.3139760553985623,0.32507894694941913,0.3372991061161616,0.31097110324437865,0.3320594835718489,0.34573422665581516,0.29817648888125053,0.3233804448068544,0.3136525441330929,0.3122162275052058,0.3767567912871175,0.2951146787393417,0.3444327008155666,0.30294943086089543,0.2926931147325813,0.34078648196841776,0.3160110418625562,0.33320894141630525,0.2875060596264475,0.35447699419814616,0.33267384011893086,0.2855849930542077,0.2943779654986604,0.33761528407980956,0.3234064744235208,0.29447442690148357,0.4230532415420887,0.3346957983555495,0.3360208258643947,0.3264218578610203,0.3464599171635105,0.31318674344321495,0.30255716443047304,0.3056161729732561,0.3457718927404038,0.33962663504312496,0.34142492682988923,0.3147567026252404,0.30442865463223073,0.34075877358087187,0.34100071345126715,0.2776965272925047,0.4072367068956621,0.33143342248462965,0.29191422421709395,0.27853852591583583,0.3333107003167703,0.36511600085022455,0.29781192075720825,0.22979873394247416,0.3021617012566115,0.27371629043827883
BAR-Ele_MED_20,0.3324887237200645,0.3250999815415942,0.3552841255124513,0.31421959185581766,0.31974989032659384,0.31941747405754367,0.339822898202672,1.0,0.30127121575235316,0.33970993173681124,0.3606687414316577,0.35095133894314184,0.32782191966336605,0.27129803915704775,0.3242479155468919,0.30789299746907545,0.3335997539491934,0.3473556323922698,0.2955595132877629,0.34264228932832086,0.29489991056932857,0.27253333968125887,0.34031793344907685,0.3440616859122755,0.31565187973150277,0.29123504501340153,0.311034084496234,0.34248356301461413,0.2852734341549922,0.302386619915169,0.3113571925984883,0.32662585279032785,0.3477566698399788,0.28279435983787493,0.2945086256596657,0.3161035420677816,0.3122366264778404,0.277566441643148,0.3427042567638395,0.36071915923264875,0.2937515296732997,0.31049883083017765,0.31463606752514545,0.328511541779648,0.2775872176970507,0.271994481304212,0.326601294561869,0.3413851395609146,0.34583137156058225,0.32224429552530304,0.3006309579652714,0.35048674676465924,0.3076444926077425,0.25618247413293604,0.33734038105555436,0.323863053241145,0.274478492088922,0.27584547306648877,0.32841765898571995,0.34800165930761257,0.27830804082152005,0.2461017367603173,0.28529694622180024,0.2780049478597128
BAR-Jaz_LOW_19,0.2997001915970266,0.33331409571168047,0.3816926202715298,0.3823601340009575,0.3305192683498163,0.35575551178650416,0.3200898073323846,0.30127121575235316,0.9999999999999971,0.318059878644322,0.3404907173980899,0.355937389959765,0.3172157033216057,0.3064792780209449,0.32573691155205425,0.3374285369776395,0.313615054732523,0.3383483583413426,0.299955347733863,0.2885282650862726,0.3226719471861918,0.3293682239626211,0.30977863347838097,0.24851550991452442,0.3921618979596972,0.3179666446086639,0.2928687164338399,0.3339694957581849,0.2938358332868935,0.30509624020417386,0.3396536443438017,0.3301201485812855,0.2887600976611521,0.2988123892604664,0.27329569075577975,0.303014339541774,0.30439828164057564,0.3368145626795245,0.3174473919995997,0.2576111495845525,0.4664864684673536,0.34138740877451706,0.32932373801468146,0.3219354221504153,0.2787686779972925,0.3084051037973997,0.3543362645604274,0.3135490088591207,0.28565256204282985,0.33125816625133875,0.35576856089744274,0.33798792062007743,0.30029630822517,0.33108000803175,0.3324999109010199,0.2676814804735982,0.4657779509404398,0.3334154310535854,0.3263529675219093,0.32963655209141973,0.2880684312321484,0.2628006518715837,0.28118081364197217,0.27237613285279044
BAR-Jaz_LOW_21,0.3432150967123074,0.4445273762836575,0.43634424701706004,0.33883447211592976,0.373698093480774,0.37579607328721615,0.3277259850548774,0.33970993173681124,0.318059878644322,1.0000000000000007,0.4111966607405052,0.38567179198198487,0.35930466547142387,0.3076094454821378,0.34100383039220367,0.3250104973618358,0.34232052557799797,0.40686434473164806,0.32925748434783153,0.3288518453196754,0.3499071749825944,0.33736029300233633,0.3363666641710659,0.27530599775884873,0.3788123602193456,0.4182663674342241,0.3278640355759201,0.34761918394549546,0.31038545521274397,0.3531568869001337,0.30205757476365847,0.35240439702167364,0.3160406328491253,0.3399029866914174,0.31862751950210455,0.3190490797589012,0.3064683773557819,0.2950702181041523,0.33870187602917157,0.31819837113765115,0.3395422934873379,0.3915567128933577,0.3696853855424291,0.35962953791541086,0.30201247791760055,0.2908812487818857,0.36612350134488314,0.37839347890041736,0.3341650212780849,0.35886570147245717,0.3492037513723849,0.3128958071314348,0.3288027080546307,0.27319991369198476,0.3239947235188514,0.30317396887700443,0.31481286000117237,0.40451497730958275,0.3549232808350626,0.3845963852103678,0.30571236508841715,0.2554852332319069,0.3136991073720267,0.2995618269238306
BAR-Jaz_MED_02,0.41458123832031146,0.39974438954198854,0.38311214630719964,0.36578238878764013,0.3160160929149531,0.37304064822001143,0.3804360732645529,0.3606687414316577,0.3404907173980899,0.4111966607405052,0.9999999999999964,0.48941760385912497,0.3551536480868916,0.31466413871294274,0.3699022968526945,0.3466004793863735,0.3983884667400134,0.3742190994301671,0.33288251365471877,0.33107201769392663,0.33778291056042065,0.3275971489529512,0.3490319678278821,0.3125098182322458,0.3980087680832242,0.36186027207168553,0.3674328856335471,0.45834009858671404,0.33695824439393546,0.35045123163043024,0.3309179394021612,0.3880179093294,0.3801348452646296,0.33100076969593,0.2939008914103038,0.33876949038977716,0.3133183700294455,0.29789367119712873,0.37433215573514467,0.34200568728829067,0.3722808383355885,0.3619038829104456,0.42692431790473173,0.4289426430871778,0.3260456447939392,0.3104353441605496,0.36852599969006633,0.3763690771508275,0.4048793095000097,0.37115895781264524,0.35708699057954846,0.3263504207864078,0.332274059280107,0.276623743305537,0.35122453583097296,0.3051436122325824,0.27986775658230284,0.2971609484343359,0.3820840627929212,0.506381501061238,0.3248762365879476,0.2510529610911623,0.32838600362944553,0.3034440030772084
BAR-Jaz_MED_07,0.4164378611040879,0.4053506274119197,0.38839489729897436,0.3664872823306373,0.32951459295812996,0.3564328074953532,0.3595141481932338,0.35095133894314184,0.355937389959765,0.38567179198198487,0.48941760385912497,1.0000000000000002,0.3367377046686728,0.33699792513002824,0.3642239420195857,0.3433199634102112,0.43382299561967214,0.3706400987676281,0.32795502616436717,0.3605870660608957,0.3315102453072834,0.33696338472632203,0.35661123145305906,0.3198517608351528,0.41191766029747795,0.3426347932003039,0.3821340007496073,0.49981575634213327,0.3153275667680358,0.37634214316156844,0.3215761176306655,0.3773259889502841,0.387916037213404,0.3375758728940293,0.3209448642655835,0.3474670521052946,0.30781585143893975,0.31120902720357335,0.35244165522291027,0.36755405898399823,0.3526896411117091,0.35864592301235426,0.4686388649758187,0.5079092093421694,0.3256472758302296,0.3278829629650139,0.3654241277715157,0.3731280435306979,0.42378328102757734,0.35777455891973736,0.3317974143114566,0.35060093794928543,0.30219049545304394,0.30142329546898683,0.3678305835559672,0.33969675093796725,0.2925758611027766,0.2988360513748298,0.4452092209504194,0.5024327844079582,0.313639443923998,0.25269477123083417,0.31208273210458914,0.28744982633687227
BAR-Met_LOW_09,0.3352780270592186,0.38997557801481125,0.37359615505290394,0.32298600453186893,0.35081085910204457,0.36369228602963194,0.3139760553985623,0.32782191966336605,0.3172157033216057,0.35930466547142387,0.3551536480868916,0.3367377046686728,1.0000000000000036,0.35544656266280694,0.42622819282577706,0.36336770763888926,0.33225254381124947,0.3910513990396683,0.30032164306372566,0.34700745262737315,0.36499538049922586,0.33834220709655605,0.3726867613558462,0.29997516823393977,0.3662368659499107,0.3552181599729501,0.3295698449840026,0.3333690687128977,0.4315016036187652,0.4131895282048239,0.37099317791986236,0.4262705290952714,0.31377285610602323,0.29923846695339906,0.3055932231704444,0.3173671712666878,0.34007101235809384,0.28350002181129574,0.3435826541324784,0.28460876950810765,0.30337313318334375,0.3170065975245886,0.3281041156722711,0.30792370776588013,0.3188965748625024,0.30422499869383485,0.4114485055358685,0.393017830023689,0.33101617514252607,0.3385638997835026,0.34109056454180087,0.3183945843763796,0.3625962052752457,0.2804997083711113,0.33645788156340733,0.2821218810855866,0.30198894085183575,0.2800495425590011,0.33531743085141197,0.3247938493041599,0.3960363442567973,0.25694103111166056,0.36083266212170373,0.34573496158756434
BAR-Met_LOW_14,0.32716770430079906,0.3157827232853201,0.3482295826424483,0.3219829153336046,0.3650617115400054,0.3394939124053016,0.32507894694941913,0.27129803915704775,0.3064792780209449,0.3076094454821378,0.31466413871294274,0.33699792513002824,0.35544656266280694,1.0000000000000002,0.4177723600539199,0.3552823406923503,0.3279986689363206,0.36578973852026697,0.3146499227080756,0.30144956705071646,0.3614039408355525,0.3152500568992259,0.2969576046474034,0.2774820275643495,0.33316478363946245,0.29943281589267173,0.28880302113178347,0.32134591102443,0.35349140802743256,0.36840449236035583,0.3459926001585348,0.3990157182197461,0.28408657767258455,0.3113180127369034,0.2958442796109533,0.3218700156905775,0.3882257002905407,0.3296489096139281,0.31291176959857087,0.30170181183283634,0.2932552092229576,0.3244477345432333,0.31909699952829496,0.31318792371142073,0.36960739349866617,0.41204744290386536,0.41866236816830554,0.37490197752036586,0.31492357107461966,0.3276382763244786,0.3044967365776657,0.2970359751525336,0.39132589968914533,0.3514100713243673,0.3161414374308519,0.2704819385638946,0.26939923852034875,0.28666406806116657,0.3096359429479804,0.33088117539149653,0.44751353614363315,0.4092825255642794,0.37831167733461774,0.34611953098374076
BAR-Met_MED_19,0.3534090442340865,0.35052885484563806,0.38208380674595543,0.3385468988952801,0.4090802207210525,0.38104623232070745,0.3372991061161616,0.3242479155468919,0.32573691155205425,0.34100383039220367,0.3699022968526945,0.3642239420195857,0.42622819282577706,0.4177723600539199,0.9999999999999972,0.3883514506765633,0.34222677640150995,0.3889182798605019,0.35217336792499637,0.31118931149907786,0.3626207205816237,0.3522597883953059,0.32505976434986955,0.28826326004394154,0.36919786602269694,0.33990407618295576,0.31262197181511114,0.3583559858013988,0.38417817225665785,0.39555159415567814,0.3700628033028023,0.42773742951611815,0.3176498028784578,0.3441254551731105,0.3180204875320898,0.33383950780164173,0.3903361977822411,0.33583376141619287,0.33566125030387584,0.32230025986447386,0.32963071785825004,0.3521342607397457,0.3322739156928179,0.3400440983724751,0.35911452302485514,0.3695213698218381,0.44684188847696954,0.4065983611058722,0.32449744052176055,0.37402407912555324,0.3316780229173653,0.3360540206826336,0.40123911760550596,0.3440235330020786,0.3270113660792727,0.29911674947566047,0.29009805753077994,0.3254135971218303,0.3533639696341561,0.37838671329945084,0.4069488695884163,0.31183168083442464,0.443377760903334,0.43474248329687504
BAR-Met_MED_20,0.3416749523537348,0.3162385371819358,0.36828398852945987,0.3645800158154637,0.3672561907725106,0.3406831278865694,0.31097110324437865,0.30789299746907545,0.3374285369776395,0.3250104973618358,0.3466004793863735,0.3433199634102112,0.36336770763888926,0.3552823406923503,0.3883514506765633,1.0000000000000002,0.3502762527371962,0.34276010668257184,0.3271988196113779,0.31290818601149434,0.3696050441250882,0.30597810747415344,0.32761457280119377,0.3047886845912139,0.36191190069865825,0.3403627148571868,0.3311837074226803,0.3597923350207191,0.3756819939102894,0.39294608575891404,0.4281391128206117,0.4048511219349013,0.31452241542509274,0.32157232313861206,0.2886468246013547,0.32671783619319783,0.3633089798835076,0.35051569754400036,0.3202803424685217,0.30476313887476836,0.3095029898204304,0.35117606968950327,0.32103293470540567,0.3100654309707927,0.40786466723019943,0.3464054408867203,0.4246152576687599,0.41557394343822485,0.3355355049407259,0.3637203513224155,0.3349170906441564,0.3402028733109986,0.3582541353068516,0.31357940701721704,0.33521555649959073,0.31628474750571034,0.29440732822258275,0.3349027211055828,0.3345102913546514,0.3314757874369788,0.3777885937564051,0.3278688308606324,0.4005794092709363,0.353891242198795
CONCERT-80s_LOW_02,0.4058591311738789,0.3606337540049792,0.362892207535555,0.34176726185404604,0.32834026843120656,0.35437015725228793,0.3320594835718489,0.3335997539491934,0.313615054732523,0.34232052557799797,0.3983884667400134,0.43382299561967214,0.33225254381124947,0.3279986689363206,0.34222677640150995,0.3502762527371962,1.0,0.36483931980577194,0.31868086459793965,0.37350264831541835,0.36962304568561755,0.3387790317528526,0.3256969101139601,0.31633592820697815,0.3750819746164568,0.33409991513844106,0.34572411109122736,0.4093909730467461,0.3218450695715497,0.37229898997680144,0.3288570473139579,0.41665029421682276,0.3882574574115981,0.3332787475459359,0.2987903798501558,0.34173050791185045,0.3138502128005293,0.290052996672712,0.33178098932565786,0.3482522099144854,0.3303446064577304,0.32856363905970665,0.36953724756965955,0.37980401768184424,0.299137205210042,0.30699979160076935,0.3761793196816949,0.33089179754118153,0.37718865189980616,0.3102110422691744,0.32206131530906645,0.36316466918675716,0.3255278382111538,0.2966699766849118,0.3498351605125427,0.3113010623220638,0.26692922369646926,0.2887448591276249,0.40611879063003814,0.3876704221090975,0.31003062228644557,0.25374469666082855,0.2923895992818798,0.2981015348827918
CONCERT-80s_LOW_06,0.34294988543969,0.4759346280503501,0.4484885019382744,0.3732773578534085,0.3745169578498352,0.4252611911708995,0.34573422665581516,0.3473556323922698,0.3383483583413426,0.40686434473164806,0.3742190994301671,0.3706400987676281,0.3910513990396683,0.36578973852026697,0.3889182798605019,0.34276010668257184,0.36483931980577194,1.0000000000000004,0.36936255492101766,0.36634276075801864,0.39031322637619714,0.3733027000166443,0.37751129436471703,0.3077204157109687,0.3930246465109736,0.37065574488052805,0.3399737842725592,0.3699498909334007,0.35520528105903054,0.37250622649115983,0.3474506164749572,0.43629404638071584,0.3296938791172659,0.4605661038821924,0.3829444878286896,0.37576155344403184,0.33064472731241035,0.3234545510583131,0.38924392416700015,0.30966283846463405,0.37583989287144104,0.3675898887659724,0.37136359525350776,0.35040903471496865,0.31749252963395375,0.32725823760029177,0.3865009166595297,0.3965887076869418,0.3432523900437469,0.38171435610008464,0.41405041844661106,0.338316631341719,0.3550449814617412,0.2982592760534562,0.35356951494465716,0.29202816493723965,0.31794221488823227,0.3124452534478339,0.3767597020448035,0.3781457277994091,0.3273576201274221,0.2687830781938081,0.3403513852674251,0.32527938364996106
CONCERT-80s_MED_08,0.32601246629273145,0.32534706867983165,0.3959007663616613,0.35218367857046357,0.3151943696627072,0.3374125906165209,0.29817648888125053,0.2955595132877629,0.299955347733863,0.32925748434783153,0.33288251365471877,0.32795502616436717,0.30032164306372566,0.3146499227080756,0.35217336792499637,0.3271988196113779,0.31868086459793965,0.36936255492101766,1.0000000000000013,0.301559052997834,0.328823714640363,0.31788367466175127,0.2919958553119739,0.25856365831632794,0.32529486773559835,0.32831248336002733,0.2933938942391548,0.36363601551498426,0.31930300287236163,0.3251330105493772,0.2910063504582197,0.32566973803534377,0.31956166876629827,0.37524810135589753,0.3379367712520131,0.33566346834203675,0.2835625188544252,0.30744823365296003,0.30423800276377294,0.3005049253329381,0.3192093729694698,0.3743219268635067,0.3231223188305619,0.31105482713251553,0.2903141280918639,0.2736257586386317,0.35846241267631407,0.34274451224331065,0.31455165729118106,0.3964274173715499,0.3498171278790677,0.30963420414519377,0.30966057608451575,0.2816298136282936,0.30374107632931197,0.275011056246612,0.2843804427919314,0.31711710884679145,0.31302004332760974,0.34129275891777366,0.3064711181807262,0.2639297972054207,0.2811786525812678,0.3264563569023105
CONCERT-80s_MED_13,0.32353926469833927,0.33821227502830065,0.32425177441198355,0.39283038652014574,0.32492833806579124,0.3233347628622802,0.3233804448068544,0.34264228932832086,0.2885282650862726,0.3288518453196754,0.33107201769392663,0.3605870660608957,0.34700745262737315,0.30144956705071646,0.31118931149907786,0.31290818601149434,0.37350264831541835,0.36634276075801864,0.301559052997834,0.9999999999999999,0.3468534540889268,0.3093640234092247,0.36375935781187585,0.329175257488126,0.34146264639774543,0.3058420667187073,0.38096752791992194,0.3602278424495506,0.3365863971552853,0.37563180881754193,0.3281144040088377,0.3785282701396432,0.31840347141814135,0.31881510684609404,0.3123166921063323,0.3571024468016335,0.33505664767448506,0.27911974000156764,0.3239664558384628,0.32002194303660586,0.30630255249853416,0.336840772397761,0.3699367657367954,0.33753550343101707,0.3128306806569368,0.2924526389939903,0.3512423496021248,0.3388311027366868,0.33773282921652487,0.31564424413644154,0.2986402246156925,0.3535931942442372,0.32170230284895807,0.2977419492567822,0.3409736754227472,0.31952714215773914,0.2923620663463663,0.29484375730761203,0.35762326840318,0.3648611256756839,0.33453739306941316,0.25526748855507647,0.3100341321905447,0.28079999360478136
CONCERT-Ele_LOW_09,0.31833873390680506,0.3580426574226018,0.3777198363532316,0.3369702887058688,0.43165155328414057,0.4427958793844824,0.3136525441330929,0.29489991056932857,0.3226719471861918,0.3499071749825944,0.33778291056042065,0.3315102453072834,0.36499538049922586,0.3614039408355525,0.3626207205816237,0.3696050441250882,0.36962304568561755,0.39031322637619714,0.328823714640363,0.3468534540889268,1.0000000000000002,0.41736820415029363,0.365996876711089,0.3052244920170816,0.37106236805143294,0.33910358116791717,0.3276708576020969,0.34874130043544777,0.3906313583123552,0.41771874793120595,0.3759043754502311,0.4333200689385717,0.2924985716564362,0.3194852148651097,0.27781288662181125,0.32003425235957556,0.3777537491795166,0.31062048712557283,0.32218867200586937,0.30677677566248973,0.31900700998915366,0.3270586153271286,0.3053017152036524,0.28056200962114447,0.37320140723061973,0.32096387557501,0.40735164009829494,0.37399838662228024,0.3273978263878107,0.3472719665395576,0.3220543713054814,0.332520718806232,0.4326762097892638,0.32778048104242896,0.3126302948018207,0.3084606321400828,0.2812303621406371,0.31426862757353663,0.3225887984408122,0.3229163262752322,0.3753299945400131,0.30145570950051453,0.34158174485065773,0.3145938372966837
CONCERT-Ele_LOW_14,0.29607951754226763,0.34154916137224434,0.38679018129568565,0.3412149223611711,0.38909643930625654,0.5205599605937017,0.3122162275052058,0.27253333968125887,0.3293682239626211,0.33736029300233633,0.3275971489529512,0.33696338472632203,0.33834220709655605,0.3152500568992259,0.3522597883953059,0.30597810747415344,0.3387790317528526,0.3733027000166443,0.31788367466175127,0.3093640234092247,0.41736820415029363,0.9999999999999999,0.3429959009303226,0.2761794752557786,0.35283680824562164,0.293006319741304,0.28223101150349755,0.3154427320727547,0.3313599469277087,0.38149432233444347,0.2969683075866125,0.3829466754451615,0.27104891620185323,0.29181745157077954,0.2786094516455339,0.29787107582114725,0.33589605789733173,0.40386883364216564,0.31169863314895296,0.2734526925883003,0.3658283988784185,0.30544700305288325,0.31056779993991995,0.29237732924444426,0.29638891525182315,0.3160126484361873,0.37968951888838587,0.3242070620771438,0.2961438416005341,0.3324040417123241,0.317097074997551,0.3381806170314044,0.4054077591225941,0.4434779171369696,0.30082405135770923,0.27469907392336745,0.31022428501552174,0.284173696025086,0.3445396833165226,0.3060200669570375,0.33991958827882707,0.2984491707301134,0.2957743171579879,0.306084314612661
CONCERT-Ele_MED_19,0.3602754383869746,0.38056174581187296,0.352211382261799,0.35661041806738286,0.3585749149696254,0.3711716270801958,0.3767567912871175,0.34031793344907685,0.30977863347838097,0.3363666641710659,0.3490319678278821,0.35661123145305906,0.3726867613558462,0.2969576046474034,0.32505976434986955,0.32761457280119377,0.3256969101139601,0.37751129436471703,0.2919958553119739,0.36375935781187585,0.365996876711089,0.3429959009303226,1.0,0.2996497420080819,0.3433306677239447,0.3081086121715479,0.34091102183757477,0.34339747277179145,0.35223538477023997,0.3572221976013803,0.33744457263480754,0.3887060608900931,0.3438130203372198,0.3032902806343046,0.33553770216123946,0.3285841845483931,0.36225039216668264,0.29616039720390225,0.4028295903995617,0.32100423942839384,0.3117605962501788,0.30251027409978654,0.33972579057151164,0.33690586028800845,0.32638829892539306,0.28112838907348603,0.3469421376454612,0.3479159909557278,0.39875587993186273,0.318220961561254,0.32188901432848327,0.35826032328759116,0.35681007166906553,0.27457845422093763,0.3938830991103041,0.3292344145931634,0.30636123897076223,0.29023422082735784,0.35301825046079105,0.36295637021938715,0.3397011475804803,0.25854362876347425,0.31771521907361333,0.29674223651440984
CONCERT-Ele_MED_20,0.3216848990666379,0.27226924944980296,0.3092086183906005,0.2880736835749472,0.30786462868918557,0.31343410448898185,0.2951146787393417,0.3440616859122755,0.24851550991452442,0.27530599775884873,0.3125098182322458,0.3198517608351528,0.29997516823393977,0.2774820275643495,0.28826326004394154,0.3047886845912139,0.31633592820697815,0.3077204157109687,0.25856365831632794,0.329175257488126,0.3052244920170816,0.2761794752557786,0.2996497420080819,1.0000000000000002,0.2977236084602437,0.26356077707475895,0.28695713238485276,0.2931865425220193,0.309947983980146,0.3070563449828972,0.2946320297639129,0.33425355283824326,0.29357884886954166,0.2600711402964437,0.2640673567884296,0.3228839085529916,0.307016146867309,0.26860465712200854,0.2999487505589856,0.3602100591170204,0.24156059205052358,0.32009563669436925,0.29286996275349714,0.2757993622611155,0.2850405671924992,0.28633885334228215,0.3228924295477757,0.32699382570755897,0.3139011462071841,0.2814320986955117,0.26949309879471467,0.3409073681161299,0.3213282254323662,0.2684924411623842,0.300328111952002,0.35603023999259537,0.23719523563756253,0.26758267077882036,0.28610209800265907,0.3085389139198901,0.2845688213530614,0.23499027020977015,0.2784286301394805,0.27282503200513564
CONCERT-Jaz_LOW_19,0.3461289454666333,0.40206979506802965,0.40177672645003676,0.34827544475407074,0.364096057584679,0.38264588792476034,0.3444327008155666,0.31565187973150277,0.3921618979596972,0.3788123602193456,0.3980087680832242,0.41191766029747795,0.3662368659499107,0.33316478363946245,0.36919786602269694,0.36191190069865825,0.3750819746164568,0.3930246465109736,0.32529486773559835,0.34146264639774543,0.37106236805143294,0.35283680824562164,0.3433306677239447,0.2977236084602437,0.9999999999999994,0.33057734445938547,0.3678881395009461,0.40398022473822,0.39542969206756384,0.3835039340120452,0.3481112408582418,0.3808285995709293,0.32327426742165205,0.3406865293550423,0.3064403967189962,0.31136559186636725,0.3380478243358551,0.32749636922064806,0.3822758448680643,0.32143316083155143,0.42214968265851405,0.3647779494610698,0.3685672870412218,0.37557602061526313,0.3237160298277449,0.3355124427414117,0.4076775351467024,0.37167502305096506,0.3349874487236083,0.33528162606430406,0.35970759918538975,0.3282743913847556,0.3396131791007575,0.33629410271625,0.35766603274406755,0.2784113944850738,0.35984856458324976,0.3293648542195348,0.37872801070156603,0.4079533310231695,0.34692401434374176,0.25823579892459264,0.31329686958285663,0.31788501640850864
CONCERT-Jaz_LOW_21,0.3317646522950343,0.3622163303767158,0.4441777622587022,0.3162245123363145,0.3344421118879366,0.3390523639712898,0.30294943086089543,0.29123504501340153,0.3179666446086639,0.4182663674342241,0.36186027207168553,0.3426347932003039,0.3552181599729501,0.29943281589267173,0.33990407618295576,0.3403627148571868,0.33409991513844106,0.37065574488052805,0.32831248336002733,0.3058420667187073,0.33910358116791717,0.293006319741304,0.3081086121715479,0.26356077707475895,0.33057734445938547,1.0000000000000002,0.3094834179671792,0.33629732741433005,0.3122266554699342,0.34919656131015553,0.3251692182871436,0.38951604634053033,0.3000741503265743,0.32915981444501935,0.31271004413955994,0.3160233885792989,0.2968729481217751,0.2751231551617382,0.3293874280261657,0.28928639314822024,0.3020356572229235,0.4370107628962859,0.3212826200293299,0.31545125716278355,0.29830823162603254,0.27430188329399496,0.34611314214910716,0.3555836553537685,0.314007309324289,0.36157940694705865,0.3438743926542226,0.32632761168478164,0.31957640981440205,0.26340322768255614,0.3144274862994198,0.27317301497353613,0.26309445261126263,0.3838496951357153,0.34029205037431004,0.3420392809334067,0.3068971705511973,0.24762393377485864,0.2976939927324521,0.3000914836546621
CONCERT-Jaz_MED_02,0.3360792516518115,0.33113177925073817,0.34182033881436585,0.32850407437719076,0.29405316622749145,0.3413688371036656,0.2926931147325813,0.311034084496234,0.2928687164338399,0.3278640355759201,0.3674328856335471,0.3821340007496073,0.3295698449840026,0.28880302113178347,0.31262197181511114,0.3311837074226803,0.34572411109122736,0.3399737842725592,0.2933938942391548,0.38096752791992194,0.3276708576020969,0.28223101150349755,0.34091102183757477,0.28695713238485276,0.3678881395009461,0.3094834179671792,0.9999999999999993,0.4196341565052273,0.3367158099089928,0.3655299870996863,0.32714079925025563,0.3814711004296759,0.3289062603668043,0.27117856512730004,0.28333715962525974,0.31486672372600727,0.27889937449409063,0.26264096436071355,0.2998709669226344,0.2837040707161957,0.2951349755027153,0.30865670462804046,0.3590282928646471,0.3781507410137279,0.2956039563247786,0.2691019993926417,0.3476560528726388,0.3521756907645363,0.34705608807516347,0.29596531027313294,0.31533434140657807,0.3265906215709301,0.2893146307779463,0.2589026560021051,0.3211201373999977,0.2808598723733407,0.2699671768210768,0.2882891029531476,0.3714023172343416,0.3700257472952831,0.3034031745936731,0.23020745728779088,0.2922103793767158,0.2719332670794458
CONCERT-Jaz_MED_07,0.3474149781560215,0.40529104845242564,0.362379216088207,0.3301851139795698,0.3010189650236182,0.3423412745304903,0.34078648196841776,0.34248356301461413,0.3339694957581849,0.34761918394549546,0.45834009858671404,0.49981575634213327,0.3333690687128977,0.32134591102443,0.3583559858013988,0.3597923350207191,0.4093909730467461,0.3699498909334007,0.36363601551498426,0.3602278424495506,0.34874130043544777,0.3154427320727547,0.34339747277179145,0.2931865425220193,0.40398022473822,0.33629732741433005,0.4196341565052273,1.0000000000000004,0.31486335880260397,0.36751922329780745,0.3364566930421834,0.38720928843870034,0.3842511148003891,0.3123403751322579,0.296175896560283,0.3359932046502076,0.29373967348107577,0.27232699473969474,0.30907229936852837,0.3117623876267203,0.35797345559163685,0.3206260460819374,0.4754615671386713,0.47613263574287057,0.30100375695539827,0.2889966416871859,0.3533158031382033,0.3565031714868571,0.3380110496401811,0.35463724685693154,0.3027023000184024,0.31196453822868797,0.3039711544233878,0.27082364195624115,0.3247509332620991,0.29765494757028005,0.28479079913487904,0.28017085313689516,0.43743592902884915,0.5124380254878645,0.30745844122869376,0.23020132803833318,0.3071799134244199,0.27451036646553606
CONCERT-Met_LOW_09,0.3430143709465258,0.3107419205538063,0.34681401468464695,0.332882586683989,0.35181411728803846,0.3677983777858302,0.3160110418625562,0.2852734341549922,0.2938358332868935,0.31038545521274397,0.33695824439393546,0.3153275667680358,0.4315016036187652,0.35349140802743256,0.38417817225665785,0.3756819939102894,0.3218450695715497,0.35520528105903054,0.31930300287236163,0.3365863971552853,0.3906313583123552,0.3313599469277087,0.35223538477023997,0.309947983980146,0.39542969206756384,0.3122266554699342,0.3367158099089928,0.31486335880260397,1.0,0.4088865319474659,0.3745868730787336,0.416724769520862,0.2903419863883458,0.2994248890925523,0.2888429144985526,0.34503708624952556,0.32882797146555237,0.29061720816499753,0.33657672107615494,0.30696864181645245,0.3203599575532651,0.3495661762934117,0.3242849261338743,0.2907311213151096,0.3455955520642813,0.3273318795280309,0.3726196934123274,0.3794179722509294,0.3466855278243434,0.31614991976245593,0.3154172393286954,0.32423337178470807,0.3409478462268889,0.29602907946815676,0.3301630673366334,0.27396377250163634,0.2725712502404645,0.29092625568460345,0.32272491245145907,0.33226521439064527,0.38831813513700836,0.2784704830287527,0.3570343132946663,0.33581381124554377
CONCERT-Met_LOW_14,0.3315018885678259,0.3431467933268035,0.37730852630361844,0.32821646457523357,0.3726017253396791,0.39149069964065725,0.33320894141630525,0.302386619915169,0.30509624020417386,0.3531568869001337,0.35045123163043024,0.37634214316156844,0.4131895282048239,0.36840449236035583,0.39555159415567814,0.39294608575891404,0.37229898997680144,0.37250622649115983,0.3251330105493772,0.37563180881754193,0.41771874793120595,0.38149432233444347,0.3572221976013803,0.3070563449828972,0.3835039340120452,0.34919656131015553,0.3655299870996863,0.36751922329780745,0.4088865319474659,1.000000000000001,0.38909012090967077,0.4866927001924997,0.31276961715106577,0.3304057491427993,0.31279200064100815,0.32743014118872577,0.37257201724853056,0.34670196124589875,0.3149601173162059,0.30759578779608837,0.32251385642247865,0.33915224413817596,0.3565089414235776,0.30718162438767,0.3461335713982968,0.38415604480965265,0.46258058171345157,0.42590252915434895,0.3447960575704296,0.35040542906137223,0.32652520371092447,0.3305733663607002,0.3964141871106539,0.34628410470945453,0.32511343423818495,0.29392263873211427,0.32777014134234117,0.2988086938196917,0.3529737153051371,0.32898284498667923,0.41484877257263025,0.32770680452293777,0.38857303935197357,0.32891687204310605
