ClipContext_pair,BAR-80s_LOW_02,BAR-80s_LOW_06,BAR-80s_MED_08,BAR-80s_MED_13,BAR-Ele_LOW_09,BAR-Ele_LOW_14,BAR-Ele_MED_19,BAR-Ele_MED_20,BAR-Jaz_LOW_19,BAR-Jaz_LOW_21,BAR-Jaz_MED_02,BAR-Jaz_MED_07,BAR-Met_LOW_09,BAR-Met_LOW_14,BAR-Met_MED_19,BAR-Met_MED_20,CONCERT-80s_LOW_02,CONCERT-80s_LOW_06,CONCERT-80s_MED_08,CONCERT-80s_MED_13,CONCERT-Ele_LOW_09,CONCERT-Ele_LOW_14,CONCERT-Ele_MED_19,CONCERT-Ele_MED_20,CONCERT-Jaz_LOW_19,CONCERT-Jaz_LOW_21,CONCERT-Jaz_MED_02,CONCERT-Jaz_MED_07,CONCERT-Met_LOW_09,CONCERT-Met_LOW_14,CONCERT-Met_MED_19,CONCERT-Met_MED_20,MOVIE-80s_LOW_02,MOVIE-80s_LOW_06,MOVIE-80s_MED_08,MOVIE-80s_MED_13,MOVIE-Ele_LOW_09,MOVIE-Ele_LOW_14,MOVIE-Ele_MED_19,MOVIE-Ele_MED_20,MOVIE-Jaz_LOW_19,MOVIE-Jaz_LOW_21,MOVIE-Jaz_MED_02,MOVIE-Jaz_MED_07,MOVIE-Met_LOW_09,MOVIE-Met_LOW_14,MOVIE-Met_MED_19,MOVIE-Met_MED_20,VIDEOGAME-80s_LOW_02,VIDEOGAME-80s_LOW_06,VIDEOGAME-80s_MED_08,VIDEOGAME-80s_MED_13,VIDEOGAME-Ele_LOW_09,VIDEOGAME-Ele_LOW_14,VIDEOGAME-Ele_MED_19,VIDEOGAME-Ele_MED_20,VIDEOGAME-Jaz_LOW_19,VIDEOGAME-Jaz_LOW_21,VIDEOGAME-Jaz_MED_02,VIDEOGAME-Jaz_MED_07,VIDEOGAME-Met_LOW_09,VIDEOGAME-Met_LOW_14,VIDEOGAME-Met_MED_19,VIDEOGAME-Met_MED_20
BAR-80s_LOW_02,1.0000000000000002,0.3405540912122697,0.34701289859192824,0.34386001529430604,0.3225675738147707,0.33081010692331114,0.39627488738231603,0.33068116955606114,0.3076150437664214,0.34543632659823525,0.4159205588299546,0.41369019828145936,0.33405039581182433,0.33247492863507155,0.3469181936877711,0.3349035089975329,0.40682194990170867,0.34431200277543,0.3273751115941641,0.3237953390061055,0.3227445917377524,0.2994036004873499,0.3589467786737926,0.3196001164821623,0.3459966605513358,0.3261011195769796,0.33642087690159045,0.35126253152158843,0.339553484422192,0.32485767748787586,0.30182166879292877,0.31419370805910735,0.4027387374371897,0.3046179531186231,0.32801156438783796,0.3447875678659897,0.3235799189128253,0.29494986434534926,0.3800312481736931,0.34494309460166445,0.3095902462804198,0.3549797325271878,0.3904493772686673,0.39625620021939956,0.3294373394007812,0.30474807617336935,0.36396940097439506,0.34176240747074055,0.4372268953189793,0.33474613362453165,0.3407723715121618,0.33839311500019204,0.31281681353429974,0.26567623285193304,0.3821761929531994,0.3302140937796457,0.2683924366583522,0.317273350884684,0.3697441236338474,0.4298051472870604,0.3203884568016453,0.25207650256767045,0.30070681975246005,0.2958781416564519
BAR-80s_LOW_06,0.3405540912122697,0.9999999999999996,0.4251789655439424,0.3343246363466003,0.3588135525571977,0.40705391845121086,0.31218383387404414,0.3237655859650008,0.3349895300870885,0.4403728243490921,0.3989122874605014,0.39377767890256093,0.39088239054847673,0.3154306664770282,0.3420674033699087,0.31500866759939067,0.3489764263171123,0.47217506973718676,0.32368806677900497,0.33607510342348806,0.35812259499509463,0.33614567564560793,0.37425791884501397,0.270395301074057,0.40165087502569946,0.35204315957311794,0.3313001303188273,0.4004917782560751,0.3127519531075194,0.3378056967827064,0.28867803753288096,0.3438847924187032,0.3151266934483215,0.37192368327168174,0.30565871737530975,0.30794046720702106,0.29631420494801297,0.2625972309218714,0.3378061835245377,0.2941016165058603,0.337707767561153,0.3048709836682952,0.376833156290806,0.40076779957603026,0.28813373138312126,0.26139463811279323,0.34770014935616095,0.34133819558958134,0.32285771347206377,0.3250544049787515,0.34248007431884436,0.2954022499901578,0.29372239950642987,0.27265403740814587,0.2965923659854737,0.2643481839405335,0.2866365870004745,0.2854487834855869,0.369973405545212,0.39009108090857647,0.2942937599462887,0.2281017813497079,0.26097745558271673,0.272845475313929
BAR-80s_MED_08,0.34701289859192824,0.4251789655439424,1.0,0.4134079526870974,0.37088878292260685,0.4348050986861799,0.3506371262796658,0.3517078457025446,0.3900290066047988,0.44251188575709366,0.3901822906090345,0.3820658325668286,0.38691073613096766,0.3696474421337957,0.375753428422549,0.3800731882942462,0.3737759561056873,0.4491210493634013,0.394497562870884,0.3260453075946592,0.38019292695450274,0.38546563783364707,0.3495962201097812,0.30743485650365604,0.40964199992045025,0.4335169993786973,0.3560188009950512,0.374914355648928,0.3553980893991962,0.3819395195321418,0.34364990986573385,0.3735516225731902,0.3394316934721363,0.43440102507220046,0.3679216959772737,0.3892766009411929,0.33393863039397703,0.37711501211279286,0.36821421999942905,0.35191658734722553,0.37070102671362504,0.41364505990377715,0.3839697711176295,0.3646176056755399,0.3356573117926096,0.3245593523154048,0.411919471276834,0.40908185070550424,0.35203899279021433,0.4225537448281803,0.4045627874040012,0.39041361835902555,0.35007703153848313,0.32486580487980177,0.37875126973927636,0.30041488461898147,0.31843894852938137,0.39052845836733485,0.3985830833196856,0.38726992345103955,0.3482986286145161,0.29048614895452746,0.3354943667453371,0.3198862524283363
BAR-80s_MED_13,0.34386001529430604,0.3343246363466003,0.4134079526870974,1.0000000000000002,0.35252705824306385,0.35458156156059595,0.3605883548222839,0.3097995675108189,0.39596522467816003,0.3467974153713502,0.3737055090344251,0.37850327861662986,0.32700587286917804,0.34155322768818974,0.3356453411277733,0.36126292733540066,0.35084707712302104,0.37435197620413607,0.3580738059074787,0.39018253489232696,0.34508565506344413,0.3547655799867561,0.36056126773167196,0.2852435766183325,0.3522519532647939,0.32070255563688893,0.32937630529134126,0.3468930520132919,0.33266085328903666,0.32896801381148466,0.3151297749378963,0.32677772010372474,0.3265696726637259,0.3449241076958209,0.3231915386866717,0.389627764375726,0.3299482323657513,0.34060796920553643,0.3578427210461467,0.30475387307307866,0.38157338506970717,0.36746921621897427,0.3781168629114576,0.3417005029171273,0.3176065871429405,0.31229533592898745,0.3552008618340162,0.34812749711167934,0.35517308714272694,0.3641745496890521,0.3385732382911312,0.39058598054591215,0.3368171246685024,0.3102429725134828,0.37461064615191003,0.3397075594127763,0.3576380999447415,0.3427273011905354,0.37143572809113945,0.3771132155020103,0.35557987816666425,0.2695623870162506,0.3294801370430134,0.31937729333343307
BAR-Ele_LOW_09,0.3225675738147707,0.3588135525571977,0.37088878292260685,0.35252705824306385,1.0,0.39180958086426676,0.3450259888291463,0.3163993182827838,0.3320461227511837,0.3730655799408251,0.3160854487937531,0.31766643866497046,0.3459779954494775,0.36834257692053884,0.3978875310212001,0.3631496294599043,0.32558620041593067,0.3724629780861443,0.3144102602714827,0.3209198076101645,0.4336508822769045,0.4034735306837824,0.34929763412480386,0.304842732352584,0.360944463155346,0.33568375405852174,0.28988600702461687,0.30067697431838375,0.3528270167883166,0.35918997350471665,0.32808634464787795,0.34674305073938355,0.28559964192790405,0.32670012133182225,0.3074111036635631,0.31709062779528446,0.4225619447880507,0.3386999953264327,0.33893656809186407,0.3449959757696027,0.33113718668678827,0.3378002094128874,0.3175140255476162,0.28528096077408477,0.3452100254486369,0.3523793368127183,0.45140775443903525,0.36889465848940844,0.3214295751277219,0.36849497795238323,0.30993799512523995,0.35749780938977643,0.46060446197152044,0.35687879594375016,0.3384923106885688,0.3053241568984769,0.3205504936999574,0.31782765095479826,0.32976618584120365,0.3211247399009848,0.35928584667162067,0.30512036796221126,0.3757504624751005,0.3310510710245683
BAR-Ele_LOW_14,0.33081010692331114,0.40705391845121086,0.4348050986861799,0.35458156156059595,0.39180958086426676,1.0000000000000004,0.3336508946055288,0.3130690825231062,0.36012329970889834,0.37784317748782814,0.37340442997314066,0.34533994014983155,0.35921688185702555,0.35153525101875266,0.3707139008741449,0.33573436816067254,0.3530083463056576,0.41983711285799635,0.33572239821286476,0.3178786260944359,0.44533916076995694,0.5397025858440545,0.36202155137273095,0.3074649626735743,0.37899733275472514,0.34098492749791687,0.33570409906961524,0.3432161808703045,0.368107945220886,0.37871132235057914,0.313552729264804,0.34255736071917336,0.31936831111496783,0.3151158081707046,0.2998336878955985,0.3125263504717105,0.3497381333736599,0.4016810551356893,0.37036666921788874,0.3141628813665812,0.371758754780738,0.359227705133355,0.349441780220692,0.31326510347277514,0.3223777773275363,0.3275100731354788,0.36883727077764183,0.35231771121846656,0.34578033237375716,0.3745955301394928,0.37505784516084045,0.3724313870598078,0.43839595733353265,0.45368576940544175,0.3244590067459253,0.31430534902518537,0.34904636942157086,0.3205197094724913,0.35935640265019403,0.3576839286408502,0.37573272519436707,0.30809166596888005,0.34088594514033405,0.3119239608475861
BAR-Ele_MED_19,0.39627488738231603,0.31218383387404414,0.3506371262796658,0.3605883548222839,0.3450259888291463,0.3336508946055288,1.0000000000000009,0.33943995337102006,0.32677571392355925,0.3285169931014278,0.37916107876117255,0.35982892569586156,0.3098815863932521,0.3227523685894208,0.3282215897997643,0.3052881948830165,0.3241923710338164,0.3437013936896493,0.30034739579706204,0.3207608352869936,0.3145927720358253,0.3066443537234702,0.37229281539828857,0.29402914863406177,0.34404033224638697,0.3028042478313537,0.2901996999854055,0.3418176888648138,0.31064193492427095,0.3242730751508672,0.27716007362823747,0.2970407915183039,0.33518131853157873,0.28558864913548454,0.29516867041891287,0.3379738379241608,0.3232181948384424,0.29445281644793136,0.41581331688231987,0.3357908067838519,0.34051461989758963,0.3269885248793912,0.3471257491421763,0.315930542974423,0.3006121243364277,0.3043515166495972,0.3430406590317232,0.32680978041725206,0.34457188875761413,0.31271014664666524,0.303700231194788,0.340203190663485,0.33766505530965024,0.2760780673416136,0.4091311103306194,0.3323292689095978,0.29222399771169466,0.2805786095822769,0.33611111019432277,0.3678674779668291,0.2961936396529983,0.22979525413016094,0.28005643194869,0.2636140304290185
BAR-Ele_MED_20,0.33068116955606114,0.3237655859650008,0.3517078457025446,0.3097995675108189,0.3163993182827838,0.3130690825231062,0.33943995337102006,1.0000000000000004,0.29324312175381334,0.3349155280952053,0.3557661375421841,0.33237099217943133,0.32234276817876023,0.26459104307649045,0.3131667469767028,0.2980091287721706,0.3145602182404703,0.3425849838431805,0.2937179247217595,0.33537792264917193,0.29392020236365257,0.2650214824045255,0.3286077650515765,0.34273014529203094,0.3105380286787476,0.2822136030543259,0.30611646993914543,0.3277782443084673,0.2794865466109459,0.2886681318597528,0.29586251615926534,0.26849764505437146,0.3461968475535307,0.2822936439669141,0.2938060831782887,0.31621312697773446,0.31141481870627663,0.2748733945696261,0.3356318460840014,0.3594583826852374,0.28855731099709775,0.3090044528881907,0.3120346912682408,0.32681158107779734,0.2748901928075231,0.2704480622118621,0.3223413636512183,0.3222762125172777,0.342825894301183,0.3148856062503294,0.2978505414503779,0.34755749872713876,0.30507835244448134,0.25221000361707624,0.33423749251379375,0.3230859032775696,0.26783948523980916,0.2718051817015584,0.325441259412081,0.3417713190052502,0.2745170141992426,0.24440862011249676,0.2571511123811854,0.26465221672236094
BAR-Jaz_LOW_19,0.3076150437664214,0.3349895300870885,0.3900290066047988,0.39596522467816003,0.3320461227511837,0.36012329970889834,0.32677571392355925,0.29324312175381334,1.0000000000000004,0.3270318445174667,0.3513279175202266,0.3819637807022125,0.32858982367549366,0.33000704221239674,0.32396065621032144,0.35450895870239085,0.34065789856702683,0.34319238122864,0.30790821693978887,0.29766604280544756,0.33051653085572147,0.3377126951329546,0.32044883626358245,0.24304937233336202,0.4027603725675425,0.32844929667425954,0.3056814848103582,0.37055559489090617,0.3065293042752038,0.3259456375247445,0.348692314030183,0.315480098090972,0.29669073912971156,0.2987724061777019,0.27488114707690336,0.2974273270578964,0.3026181157237525,0.3460016203495932,0.31415296527986675,0.2650236528968072,0.4847472934934664,0.3432373968917655,0.3395475857812813,0.33129467414075064,0.2846273959156037,0.3058217734446696,0.3614920653291168,0.32046637597114297,0.30229890422464656,0.35307713212595715,0.3633499002666591,0.3439362134364647,0.2953438927145447,0.33654105461588724,0.34369441346324203,0.274558530609398,0.479709895150862,0.3516593568552576,0.34528136829731365,0.35443266008132984,0.3036700994589773,0.2678789926710193,0.29904216932452266,0.2757773090346029
BAR-Jaz_LOW_21,0.34543632659823525,0.4403728243490921,0.44251188575709366,0.3467974153713502,0.3730655799408251,0.37784317748782814,0.3285169931014278,0.3349155280952053,0.3270318445174667,1.0000000000000007,0.4178076046702954,0.3780953407569574,0.36100669124800666,0.3251421879977568,0.33699847987871423,0.3245151135308011,0.34712665629595074,0.4079413089901989,0.3345772250971398,0.32860456717106573,0.3530642657305837,0.337847246836641,0.3324421047367694,0.2734233263507553,0.388218759641657,0.426914466215139,0.33072926431286337,0.35323633205612764,0.31018346146016035,0.34870413996302063,0.29702616600989973,0.31423797593380454,0.3154792800796375,0.3388363669995867,0.3202530717622437,0.3184455313522996,0.3063638917972607,0.29976489646181453,0.336985412535612,0.3228305061565135,0.34663290618026227,0.3933387027142541,0.37791415461931394,0.36167438111587885,0.3005906166823619,0.29075548800312995,0.3662946330435431,0.36631558263431174,0.3390349386068172,0.36665572706443206,0.3540133256973879,0.316995040597955,0.3223891008222722,0.27774633481452093,0.32665262402045087,0.305577006309745,0.32657476725410073,0.41081440375779255,0.3628649261273262,0.3859892837564819,0.3113524603651574,0.2582554276886202,0.3125287498831745,0.2969568723747242
BAR-Jaz_MED_02,0.4159205588299546,0.3989122874605014,0.3901822906090345,0.3737055090344251,0.3160854487937531,0.37340442997314066,0.37916107876117255,0.3557661375421841,0.3513279175202266,0.4178076046702954,0.9999999999999962,0.47497346635699556,0.3638623824862549,0.3321815679419859,0.3665864922905262,0.35190155453447997,0.39899657995238375,0.381897368693911,0.3410588273289495,0.34073736174112634,0.34402954288285337,0.3307560853881712,0.3556757174657751,0.30864209943327725,0.41156030907447916,0.3636292884110816,0.37770353409297514,0.4628050452825373,0.346069108950928,0.3555637017780215,0.33126152996582126,0.35032301334196164,0.3771220088944688,0.33097503106475656,0.2962200835287824,0.33734967192269116,0.3123144047022167,0.30301145154857045,0.3707974901741191,0.34535373133550096,0.3812031801968184,0.36142176253001707,0.4354544613781149,0.4301037858432353,0.32605675666094397,0.3104012819662631,0.3732449526006243,0.36885675162580656,0.40699812641386096,0.38015000889738193,0.3651203482476751,0.3317605440226008,0.3260921096063342,0.28062519951235376,0.35586857309282866,0.3079445398166428,0.29474823345830214,0.3079830765943677,0.3901114888163927,0.5073986673727433,0.33351703814829264,0.2544446331576034,0.33016365442795775,0.30245542739395015
BAR-Jaz_MED_07,0.41369019828145936,0.39377767890256093,0.3820658325668286,0.37850327861662986,0.31766643866497046,0.34533994014983155,0.35982892569586156,0.33237099217943133,0.3819637807022125,0.3780953407569574,0.47497346635699556,0.9999999999999999,0.3266373471982817,0.34027707500090826,0.3445833023343915,0.32599627061138375,0.4321803722914771,0.35665887265570734,0.32042023256943003,0.3564877232449347,0.32458692824511015,0.33425495862670634,0.38096110963465474,0.3045063058747666,0.400929781961245,0.33902796498558585,0.36698839587605064,0.5238418664376852,0.30147302734141734,0.3650378940418386,0.30008661800567865,0.3203057046801294,0.37626050372878334,0.32253954456664874,0.3091126498226006,0.3328001193328858,0.29623336459124244,0.30667028406233465,0.33884564207565326,0.35743052697812505,0.3685544630757568,0.35522811681222255,0.45907658782112387,0.5070812221746542,0.3111996674296243,0.31490428930945236,0.35090000846516556,0.35535945501758104,0.4280344536834379,0.35805543461763684,0.32725698712356455,0.34135695598869054,0.2843145639663324,0.2951331793291185,0.37387676067739467,0.32905718151881547,0.3055980462942165,0.30982371061951897,0.4409707597533262,0.5204675940408479,0.3067623112310443,0.2472477266418327,0.3053270985231149,0.2801532419980067
BAR-Met_LOW_09,0.33405039581182433,0.39088239054847673,0.38691073613096766,0.32700587286917804,0.3459779954494775,0.35921688185702555,0.3098815863932521,0.32234276817876023,0.32858982367549366,0.36100669124800666,0.3638623824862549,0.3266373471982817,0.9999999999999993,0.37263983231363706,0.42698164552287043,0.3885422567225386,0.3306380612203704,0.3927674439018787,0.300265678055165,0.3495298028053197,0.36600688382387414,0.3340726162142561,0.3660868119684804,0.295250205054789,0.38114593223184423,0.34663952887252353,0.3450746023524166,0.34471410651217843,0.4463629201821675,0.4315975183465017,0.39104559488804846,0.41546048891719767,0.3112220397457233,0.3016954645692854,0.3024708710012459,0.3136048390882355,0.3358609264098384,0.2840603613481121,0.33658720645906626,0.284834266995006,0.3100664327054872,0.3156613366969377,0.3316909394101185,0.31459068297112797,0.32014341108849803,0.304766216735812,0.42065431475155796,0.40074719591258634,0.33244041941354385,0.34466555555653466,0.3461007804062742,0.32051653264282515,0.35286805884794964,0.2798543461270695,0.3317350087431804,0.28082006667554876,0.30905418727525175,0.2846481662987269,0.34139301464367877,0.33684045737936774,0.4090284012596568,0.2565536615187715,0.3682932868073431,0.34907959029594926
BAR-Met_LOW_14,0.33247492863507155,0.3154306664770282,0.3696474421337957,0.34155322768818974,0.36834257692053884,0.35153525101875266,0.3227523685894208,0.26459104307649045,0.33000704221239674,0.3251421879977568,0.3321815679419859,0.34027707500090826,0.37263983231363706,1.0000000000000004,0.4221306351274481,0.37502877599692935,0.3469613417437326,0.3726190217344982,0.3216978740665679,0.30754557840642543,0.3693236930816182,0.32996276940674857,0.3005517153983137,0.2728480610065407,0.35246328059521514,0.30611545749140395,0.3033207682670574,0.3469738082019665,0.36757580742313595,0.38768915144419747,0.3665221914637041,0.40132263541831187,0.2830635847249087,0.31414488679826214,0.2973224533406933,0.3187868494385828,0.38904412206134575,0.3431098503778913,0.31345937697599124,0.3098908602016428,0.30903084518842655,0.3292329106791619,0.33676438987025903,0.3232764069022349,0.37118788693902816,0.41087398999824265,0.42955833598701,0.3829751808645948,0.3246232027655905,0.35682061974143786,0.318897550546921,0.31243975270967683,0.3835649083611811,0.36191828883753013,0.32138290116058316,0.2786261062966972,0.29819685411671204,0.3093245910058334,0.32951075117871076,0.3459487908084321,0.4636641213637026,0.41138368992900487,0.4082462964745082,0.3594322108129651
BAR-Met_MED_19,0.3469181936877711,0.3420674033699087,0.375753428422549,0.3356453411277733,0.3978875310212001,0.3707139008741449,0.3282215897997643,0.3131667469767028,0.32396065621032144,0.33699847987871423,0.3665864922905262,0.3445833023343915,0.42698164552287043,0.4221306351274481,1.0000000000000002,0.3999587908227577,0.3338098568162388,0.3890574153906481,0.34648573483377726,0.30310851163822594,0.3571249224861295,0.34174054469279086,0.31299169720639386,0.27832589239715466,0.374868202072464,0.32903830614347285,0.30841529916213833,0.35071042428138255,0.38623980968927035,0.4292984532372501,0.400487329279837,0.4736059980773253,0.308729201084622,0.33734982503589495,0.3122719644946336,0.3233679704269062,0.3807935079103652,0.33046022644779,0.3233314910317684,0.31753970091972394,0.32488520016234695,0.3440190240656544,0.32999516670605494,0.33427448404273624,0.3482656028026834,0.3794979171501957,0.45595334957460093,0.4477881245833333,0.3194918698571631,0.3688133076553564,0.33005836694531476,0.3321596424711281,0.3868792876466806,0.33638490103525026,0.3193119357721091,0.2952755864770789,0.29209679139012035,0.3243013633034727,0.3514691427916653,0.3710293638628457,0.40819295729898275,0.3057230328184716,0.47737742163574093,0.4709515716307553
BAR-Met_MED_20,0.3349035089975329,0.31500866759939067,0.3800731882942462,0.36126292733540066,0.3631496294599043,0.33573436816067254,0.3052881948830165,0.2980091287721706,0.35450895870239085,0.3245151135308011,0.35190155453447997,0.32599627061138375,0.3885422567225386,0.37502877599692935,0.3999587908227577,1.0,0.35098034154891794,0.3473323050350621,0.3277177824172,0.3180767358499544,0.3695670600652934,0.3053528834659083,0.3199161609517596,0.2943974065228768,0.3771852991794745,0.33536045131461334,0.34530214125849273,0.3720195977646349,0.4034923208243134,0.42736123021020417,0.4636367835845487,0.4228603843897573,0.3122422689727935,0.3291659761235277,0.2845355662809196,0.32109838447906824,0.3618597689144249,0.35296294922721894,0.31009163190752675,0.3027075616908803,0.31853368480780536,0.3489625602789588,0.3199836187058982,0.31733471215405096,0.4075134372868741,0.34246170771973883,0.44270269701266857,0.4394270505456113,0.335589161972425,0.3690692771527678,0.33686640604845,0.3486659363352004,0.3528891501893873,0.310490397556034,0.33217842211981297,0.31776113751801194,0.3003585759319828,0.3355934271253237,0.34775203832952006,0.3393634592694827,0.3967416315799665,0.3229432452200391,0.4129526538010451,0.3635127758552573
CONCERT-80s_LOW_02,0.40682194990170867,0.3489764263171123,0.3737759561056873,0.35084707712302104,0.32558620041593067,0.3530083463056576,0.3241923710338164,0.3145602182404703,0.34065789856702683,0.34712665629595074,0.39899657995238375,0.4321803722914771,0.3306380612203704,0.3469613417437326,0.3338098568162388,0.35098034154891794,1.0000000000000002,0.3698958753886691,0.3168446782789185,0.3652996555713996,0.3649536941836541,0.3404415934452791,0.3236959644069725,0.3013345853823842,0.378595822377163,0.33297587347201146,0.36141822787484823,0.4188945149393467,0.32177405229520634,0.36657408468359287,0.3208437189934397,0.3719509305447398,0.39100853200313984,0.3261302823201461,0.30282450106617315,0.32854033522266923,0.30847105728564717,0.29897051319326823,0.3220931314941133,0.34508237248886814,0.35541607863803454,0.32534985489194224,0.3728454027287492,0.37722747337860063,0.2949877419747501,0.298220546737897,0.3704842436317225,0.3242709233995802,0.38609974174827666,0.3429467736301525,0.33400558448715556,0.3638990706845237,0.31318861583638674,0.29970306674722513,0.34748862355717525,0.3089846483886935,0.28937135908291906,0.3034988864648646,0.4195622602456956,0.39191571058867974,0.3162691877619605,0.2544325264052017,0.30923242211130886,0.29791183264160515
CONCERT-80s_LOW_06,0.34431200277543,0.47217506973718676,0.4491210493634013,0.37435197620413607,0.3724629780861443,0.41983711285799635,0.3437013936896493,0.3425849838431805,0.34319238122864,0.4079413089901989,0.381897368693911,0.35665887265570734,0.3927674439018787,0.3726190217344982,0.3890574153906481,0.3473323050350621,0.3698958753886691,1.0000000000000002,0.36990183788528286,0.37935378794093283,0.39076999307816984,0.36731896068711567,0.3715252503911233,0.3037784314127867,0.398158750558966,0.3644230230982586,0.35522869273621765,0.37578431433095544,0.36357231517867283,0.3788037900968256,0.3474611372637329,0.3951166060791829,0.3305281504574478,0.4589958191979854,0.3836622537225911,0.372481724564071,0.3304574606101188,0.3241330788510717,0.38203244385551416,0.31148842872079924,0.3790042237311417,0.3656742330498865,0.3777677049549284,0.3512348229619939,0.31484542213472333,0.3281657734884424,0.3894826661153155,0.3935914924300234,0.346087311096975,0.38468563197046596,0.4207832537327235,0.34574999638511783,0.34986676035621633,0.2983016515325598,0.35217580543238697,0.29376043159481774,0.32273288562670155,0.31649272702124187,0.3822878847587425,0.3773538276397694,0.3324761230530444,0.2691288339886639,0.3372172384212322,0.3268595940331684
CONCERT-80s_MED_08,0.3273751115941641,0.32368806677900497,0.394497562870884,0.3580738059074787,0.3144102602714827,0.33572239821286476,0.30034739579706204,0.2937179247217595,0.30790821693978887,0.3345772250971398,0.3410588273289495,0.32042023256943003,0.300265678055165,0.3216978740665679,0.34648573483377726,0.3277177824172,0.3168446782789185,0.36990183788528286,1.0000000000000002,0.30544037747312885,0.33468474475091853,0.31750282630568494,0.29433030385296455,0.2553068205300149,0.33343410604931617,0.33656826416454627,0.2959499201458977,0.3600974409193573,0.31997719879378594,0.3220807868611524,0.28650210422868677,0.28403903207867626,0.3191414649735399,0.3744993697607502,0.33998767979034594,0.3352674580112652,0.2839982108688138,0.31378837459807246,0.30011899912646633,0.3043943896933789,0.32370962648802737,0.3720324718890506,0.3291074720014387,0.3110548449431858,0.29443909703343824,0.27265749941693856,0.36021515090219436,0.3296596316968329,0.31974537060254227,0.40054865410251533,0.35023037230098386,0.3129972304915377,0.3069186773593057,0.2822615525140852,0.31066390874501265,0.2817985794799105,0.29127370378302203,0.3237204164217107,0.32257639001667987,0.3396858015948397,0.3095539388606527,0.26543762417454947,0.27402588837889746,0.3201062188142213
CONCERT-80s_MED_13,0.3237953390061055,0.33607510342348806,0.3260453075946592,0.39018253489232696,0.3209198076101645,0.3178786260944359,0.3207608352869936,0.33537792264917193,0.29766604280544756,0.32860456717106573,0.34073736174112634,0.3564877232449347,0.3495298028053197,0.30754557840642543,0.30310851163822594,0.3180767358499544,0.3652996555713996,0.37935378794093283,0.30544037747312885,1.0,0.34631203198278043,0.305898521426864,0.3794617754271321,0.322650509448584,0.3441292662451176,0.298081095881314,0.3914250969758039,0.37650962208480454,0.3450623268277723,0.3783738799270199,0.32650002529273847,0.33697388657709193,0.31719829017833595,0.31717193715615866,0.3080171788183952,0.3567613337834026,0.3305203958496242,0.27866608433332624,0.31740525381906454,0.31962282870850184,0.3100403848399331,0.3318313774093361,0.37193509943847725,0.3397806653919936,0.3104520865623055,0.2880195009287144,0.35270801410360125,0.33152842033453966,0.34016681511306174,0.31654280293462556,0.3042255596429859,0.35709073615431125,0.3134647121727569,0.29517152678133424,0.34562799788808074,0.31786795587850375,0.2947551991788176,0.2973620416359697,0.35997076626834723,0.36731503624196676,0.33801056996765977,0.2533285155600639,0.30273649698058014,0.2726811205114991
CONCERT-Ele_LOW_09,0.3227445917377524,0.35812259499509463,0.38019292695450274,0.34508565506344413,0.4336508822769045,0.44533916076995694,0.3145927720358253,0.29392020236365257,0.33051653085572147,0.3530642657305837,0.34402954288285337,0.32458692824511015,0.36600688382387414,0.3693236930816182,0.3571249224861295,0.3695670600652934,0.3649536941836541,0.39076999307816984,0.33468474475091853,0.34631203198278043,1.0000000000000002,0.4218598335926934,0.3625060107622059,0.30297354729176706,0.37479816730577914,0.3373489500835963,0.3284761657544788,0.3490566568766248,0.3933515185157881,0.4113783969470026,0.3672403335174758,0.37634012271354794,0.29364197600616465,0.3208542081791837,0.2801473656246576,0.31889486870652245,0.37886018440894426,0.32061329335666533,0.32150538589000077,0.31340847665990745,0.3257867684502274,0.32926580194067295,0.31359862410959727,0.2835493111808438,0.37624392818143026,0.32187803377208113,0.4115144438544632,0.3630256911752309,0.33285360926122337,0.35853911185030496,0.3276313715672071,0.3384607600901927,0.43131231073771253,0.3333525297328342,0.3214981258604995,0.3161555845176272,0.2927731662700299,0.3258048905228551,0.3323687422023821,0.3260667329617875,0.38115826687815135,0.306978679820058,0.3356735152946027,0.3109777253896439
CONCERT-Ele_LOW_14,0.2994036004873499,0.33614567564560793,0.38546563783364707,0.3547655799867561,0.4034735306837824,0.5397025858440545,0.3066443537234702,0.2650214824045255,0.3377126951329546,0.337847246836641,0.3307560853881712,0.33425495862670634,0.3340726162142561,0.32996276940674857,0.34174054469279086,0.3053528834659083,0.3404415934452791,0.36731896068711567,0.31750282630568494,0.305898521426864,0.4218598335926934,1.0000000000000002,0.34301305914864355,0.26872953320097454,0.3509279812195453,0.3012549193019676,0.2790645603583533,0.31980872159748075,0.33520573261406783,0.37020052144447624,0.28542105635244464,0.34033407787783687,0.26605616097858814,0.28667814367021915,0.2758696246385258,0.29111717061991055,0.3346094060159361,0.4232486799125686,0.30765007931383165,0.2816689582998988,0.3767184291602653,0.31244492428072873,0.32436607318101546,0.29380984038197805,0.30348256854454714,0.3116439079539287,0.3797815332346553,0.3100098482229125,0.3022209798066758,0.3580806909585548,0.3251745641230614,0.3470741842895939,0.41357443264351823,0.4613304715272624,0.3091409860070546,0.283109468887541,0.33868726812175637,0.30550977240191185,0.3570006077545736,0.31063914129478026,0.35591239125088064,0.3160860599521864,0.3263394356303559,0.3066590485685762
CONCERT-Ele_MED_19,0.3589467786737926,0.37425791884501397,0.3495962201097812,0.36056126773167196,0.34929763412480386,0.36202155137273095,0.37229281539828857,0.3286077650515765,0.32044883626358245,0.3324421047367694,0.3556757174657751,0.38096110963465474,0.3660868119684804,0.3005517153983137,0.31299169720639386,0.3199161609517596,0.3236959644069725,0.3715252503911233,0.29433030385296455,0.3794617754271321,0.3625060107622059,0.34301305914864355,0.9999999999999984,0.2903704214456306,0.3389100813341531,0.29915281109588704,0.3346127876860624,0.36605834741400994,0.34340811079336214,0.34861694440001084,0.32140307988418015,0.33196507700020506,0.33645657705168686,0.29504701670803857,0.32676724628846315,0.328767015572145,0.35252983193760623,0.2940964521660844,0.3915765661532436,0.3172084548998123,0.32118364666469934,0.30077773024661925,0.34285125956580564,0.3401414160938211,0.3160423401518138,0.2746838174371059,0.34214028919198786,0.33311934641212504,0.39778037342738287,0.3203063472550559,0.3235789359180726,0.35352385250486185,0.3417471946719866,0.27181059557782045,0.4047656703793287,0.32326643908433317,0.31128357686069774,0.2965567413421487,0.3525065573821598,0.37196978353367594,0.33353433884728106,0.25505262192562284,0.31839113678279,0.28654142516673525
CONCERT-Ele_MED_20,0.3196001164821623,0.270395301074057,0.30743485650365604,0.2852435766183325,0.304842732352584,0.3074649626735743,0.29402914863406177,0.34273014529203094,0.24304937233336202,0.2734233263507553,0.30864209943327725,0.3045063058747666,0.295250205054789,0.2728480610065407,0.27832589239715466,0.2943974065228768,0.3013345853823842,0.3037784314127867,0.2553068205300149,0.322650509448584,0.30297354729176706,0.26872953320097454,0.2903704214456306,1.000000000000001,0.2935984270281063,0.254380080354011,0.28205520723875754,0.2830327181806072,0.3025611833302122,0.2969977477493773,0.27978043541044,0.2779263762369324,0.29209652025334215,0.2589781879136273,0.2626660018683165,0.32284027782979857,0.30548737811261883,0.26505325454548695,0.2947987636508968,0.3587415754100438,0.23874690149595873,0.31772234791847265,0.2910424304058259,0.2749852859939665,0.2883494197826072,0.2842940483467602,0.3179899169222915,0.30985656349472124,0.31206610677808044,0.2758014601942432,0.2678866289610697,0.33775470063769536,0.3166628265251378,0.26866787751083715,0.29738372802683705,0.35299975187811006,0.23346958008874008,0.2644731941793233,0.28356336591516584,0.3036976976629782,0.28113190988497344,0.2332926391050372,0.2552019185419369,0.2654105193145845
CONCERT-Jaz_LOW_19,0.3459966605513358,0.40165087502569946,0.40964199992045025,0.3522519532647939,0.360944463155346,0.37899733275472514,0.34404033224638697,0.3105380286787476,0.4027603725675425,0.388218759641657,0.41156030907447916,0.400929781961245,0.38114593223184423,0.35246328059521514,0.374868202072464,0.3771852991794745,0.378595822377163,0.398158750558966,0.33343410604931617,0.3441292662451176,0.37479816730577914,0.3509279812195453,0.3389100813341531,0.2935984270281063,1.0000000000000002,0.3380617921231414,0.3801789893223418,0.4078802214542653,0.4081231360458276,0.39723601723270924,0.3622738706292235,0.36984400379830124,0.322044867430736,0.34155759513116096,0.307924198502155,0.3085202500146391,0.33517667695811193,0.32833507139903984,0.37701452799118884,0.32308388164312585,0.43280806024115576,0.3618253015273993,0.3745644150576267,0.3782811474841507,0.32440214005427537,0.3357667996392677,0.41705525497204177,0.37911361864103127,0.3382614402813157,0.34218923393869805,0.3636014338998961,0.3309881987371632,0.33188354455188174,0.33559872269203256,0.35905865092016775,0.2794782809669694,0.3689119109603706,0.33446956599172467,0.3873346774770705,0.4131485470397688,0.35885419063579366,0.25899992465058475,0.3218883432340286,0.3221458137054623
CONCERT-Jaz_LOW_21,0.3261011195769796,0.35204315957311794,0.4335169993786973,0.32070255563688893,0.33568375405852174,0.34098492749791687,0.3028042478313537,0.2822136030543259,0.32844929667425954,0.426914466215139,0.3636292884110816,0.33902796498558585,0.34663952887252353,0.30611545749140395,0.32903830614347285,0.33536045131461334,0.33297587347201146,0.3644230230982586,0.33656826416454627,0.298081095881314,0.3373489500835963,0.3012549193019676,0.29915281109588704,0.254380080354011,0.3380617921231414,1.0000000000000004,0.30773457012073574,0.336725885964483,0.308644133500681,0.339738064014742,0.312436121587844,0.33204506825930724,0.29443964974757314,0.3209318997408948,0.3094807381234885,0.3065481441703215,0.29134621325631976,0.2826004877542508,0.32649346495951787,0.2880317916113647,0.31298191168479667,0.4408450522775358,0.32466796084180255,0.3110629998574673,0.2975154029706523,0.266979467139598,0.34074895420570384,0.3363920937248319,0.31490401685150005,0.365108589243658,0.33955016613808015,0.3248037909611953,0.3184737600104529,0.2677588517015013,0.3135483514325765,0.2741372699081308,0.2762680066808453,0.3841148134334222,0.34667544882913176,0.3398883749564928,0.3094712449601789,0.25050677480551703,0.29251880788342166,0.29137645327843054
CONCERT-Jaz_MED_02,0.33642087690159045,0.3313001303188273,0.3560188009950512,0.32937630529134126,0.28988600702461687,0.33570409906961524,0.2901996999854055,0.30611646993914543,0.3056814848103582,0.33072926431286337,0.37770353409297514,0.36698839587605064,0.3450746023524166,0.3033207682670574,0.30841529916213833,0.34530214125849273,0.36141822787484823,0.35522869273621765,0.2959499201458977,0.3914250969758039,0.3284761657544788,0.2790645603583533,0.3346127876860624,0.28205520723875754,0.3801789893223418,0.30773457012073574,1.0,0.4253770409358851,0.3525123920072159,0.3768846773990414,0.336468374554778,0.35057145712858967,0.3313636129147876,0.2730538986830471,0.2846823774922811,0.31098638644250093,0.27593609096925026,0.26335438996061733,0.29347535841395966,0.2828918943928935,0.3072982335829894,0.30647457208789625,0.3638033678040824,0.38005924881501935,0.296950297511266,0.2658741504105275,0.3528520763420065,0.3469725510850543,0.3493531916175526,0.30838641859439064,0.3257733147469674,0.33047793799862374,0.2820211377947921,0.2571204449502885,0.31689154208598147,0.2795768472432335,0.2756466461193973,0.2900947860552594,0.3783870985879635,0.3753985236695936,0.3139888425035624,0.22929622131646266,0.2860063523792782,0.26662875159762267
CONCERT-Jaz_MED_07,0.35126253152158843,0.4004917782560751,0.374914355648928,0.3468930520132919,0.30067697431838375,0.3432161808703045,0.3418176888648138,0.3277782443084673,0.37055559489090617,0.35323633205612764,0.4628050452825373,0.5238418664376852,0.34471410651217843,0.3469738082019665,0.35071042428138255,0.3720195977646349,0.4188945149393467,0.37578431433095544,0.3600974409193573,0.37650962208480454,0.3490566568766248,0.31980872159748075,0.36605834741400994,0.2830327181806072,0.4078802214542653,0.336725885964483,0.4253770409358851,1.0000000000000002,0.32607567310772334,0.384522897663211,0.3428671360444263,0.36132879936845275,0.37973609356888227,0.30916458662739843,0.2909546124557939,0.3279957529305059,0.28955339891221976,0.2786223619595979,0.31136263067160974,0.3122785318320751,0.3749379234776407,0.32466224668152754,0.4772602679102712,0.4830359245606009,0.2979704675121969,0.2841991349945519,0.35488513078986317,0.3614631225287066,0.3483384678351744,0.36825236093418684,0.31341102493783524,0.3189838555813952,0.29348044786862665,0.2743799900176053,0.3322027273419898,0.2969900308507902,0.3069408138231369,0.2991123588656758,0.4438585906950906,0.5300221458914499,0.31888170028074336,0.23214336569846145,0.32402328601343455,0.2810950555471295
CONCERT-Met_LOW_09,0.339553484422192,0.3127519531075194,0.3553980893991962,0.33266085328903666,0.3528270167883166,0.368107945220886,0.31064193492427095,0.2794865466109459,0.3065293042752038,0.31018346146016035,0.346069108950928,0.30147302734141734,0.4463629201821675,0.36757580742313595,0.38623980968927035,0.4034923208243134,0.32177405229520634,0.36357231517867283,0.31997719879378594,0.3450623268277723,0.3933515185157881,0.33520573261406783,0.34340811079336214,0.3025611833302122,0.4081231360458276,0.308644133500681,0.3525123920072159,0.32607567310772334,1.0000000000000004,0.4273028618596326,0.3952826654537972,0.4047451894023248,0.28858775401652437,0.3059515153473682,0.28695066481541004,0.3394285849484487,0.3291176376377828,0.29628285130297255,0.3285076584976908,0.3067204436085301,0.3300643232545335,0.3491723150310578,0.32549828946912995,0.29636235094226165,0.34892601432698844,0.32513828135590545,0.3884567139195427,0.3918668878816133,0.3474398913390915,0.3225225093353243,0.3198805702817206,0.33325067055090624,0.3412809710038344,0.29845720953042754,0.33063972475001324,0.27696431850270803,0.2815690767876311,0.2946819648618097,0.33339655265885226,0.3401618072307241,0.40531044709535324,0.2805127578064433,0.3611178113259507,0.3385343312421034
CONCERT-Met_LOW_14,0.32485767748787586,0.3378056967827064,0.3819395195321418,0.32896801381148466,0.35918997350471665,0.37871132235057914,0.3242730751508672,0.2886681318597528,0.3259456375247445,0.34870413996302063,0.3555637017780215,0.3650378940418386,0.4315975183465017,0.38768915144419747,0.4292984532372501,0.42736123021020417,0.36657408468359287,0.3788037900968256,0.3220807868611524,0.3783738799270199,0.4113783969470026,0.37020052144447624,0.34861694440001084,0.2969977477493773,0.39723601723270924,0.339738064014742,0.3768846773990414,0.384522897663211,0.4273028618596326,1.0000000000000007,0.439252220434226,0.5357783913458433,0.3065392086915677,0.3248939867361129,0.3024477435372333,0.31365548975154234,0.3586610775232215,0.34224341947365705,0.3024194056723061,0.30263686884010144,0.32849523583612783,0.3295286490638468,0.3548604635969728,0.3084692878742174,0.3429200359926597,0.38593768614349455,0.4772205884122661,0.46985070497403525,0.34250766440013125,0.3555043577890351,0.3300107918409345,0.32939970549983816,0.3761099809861999,0.3402426183896129,0.32001947920636975,0.29009359169518245,0.3322563951454724,0.3029257064572294,0.35688804828762916,0.3394558624687163,0.4260610415686644,0.3188012075829335,0.43223043489315427,0.36650101366968696
