ClipContext_pair,BAR-80s_LOW_02,BAR-80s_LOW_06,BAR-80s_MED_08,BAR-80s_MED_13,BAR-Ele_LOW_09,BAR-Ele_LOW_14,BAR-Ele_MED_19,BAR-Ele_MED_20,BAR-Jaz_LOW_19,BAR-Jaz_LOW_21,BAR-Jaz_MED_02,BAR-Jaz_MED_07,BAR-Met_LOW_09,BAR-Met_LOW_14,BAR-Met_MED_19,BAR-Met_MED_20,CONCERT-80s_LOW_02,CONCERT-80s_LOW_06,CONCERT-80s_MED_08,CONCERT-80s_MED_13,CONCERT-Ele_LOW_09,CONCERT-Ele_LOW_14,CONCERT-Ele_MED_19,CONCERT-Ele_MED_20,CONCERT-Jaz_LOW_19,CONCERT-Jaz_LOW_21,CONCERT-Jaz_MED_02,CONCERT-Jaz_MED_07,CONCERT-Met_LOW_09,CONCERT-Met_LOW_14,CONCERT-Met_MED_19,CONCERT-Met_MED_20,MOVIE-80s_LOW_02,MOVIE-80s_LOW_06,MOVIE-80s_MED_08,MOVIE-80s_MED_13,MOVIE-Ele_LOW_09,MOVIE-Ele_LOW_14,MOVIE-Ele_MED_19,MOVIE-Ele_MED_20,MOVIE-Jaz_LOW_19,MOVIE-Jaz_LOW_21,MOVIE-Jaz_MED_02,MOVIE-Jaz_MED_07,MOVIE-Met_LOW_09,MOVIE-Met_LOW_14,MOVIE-Met_MED_19,MOVIE-Met_MED_20,VIDEOGAME-80s_LOW_02,VIDEOGAME-80s_LOW_06,VIDEOGAME-80s_MED_08,VIDEOGAME-80s_MED_13,VIDEOGAME-Ele_LOW_09,VIDEOGAME-Ele_LOW_14,VIDEOGAME-Ele_MED_19,VIDEOGAME-Ele_MED_20,VIDEOGAME-Jaz_LOW_19,VIDEOGAME-Jaz_LOW_21,VIDEOGAME-Jaz_MED_02,VIDEOGAME-Jaz_MED_07,VIDEOGAME-Met_LOW_09,VIDEOGAME-Met_LOW_14,VIDEOGAME-Met_MED_19,VIDEOGAME-Met_MED_20
BAR-80s_LOW_02,1.0000000000000009,0.3400248229126516,0.3444416441659001,0.33622300615107126,0.3216464265060324,0.3292029998170183,0.39573255349327596,0.3324887237200645,0.2997001915970266,0.34233495487685683,0.4138829419847648,0.4164378611040879,0.3352780270592186,0.32716770430079906,0.3534090442340865,0.3416749523537348,0.4058591311738789,0.34038562747004975,0.32562548351723425,0.3190169777365996,0.31833873390680506,0.29607951754226763,0.35407836506450235,0.3216848990666379,0.3461289454666333,0.3317646522950343,0.33458663418702406,0.3462309451889052,0.34268693533231015,0.33112656181498296,0.313194117564542,0.3656504431216602,0.4011613283411852,0.3051315873478316,0.32525799356849594,0.3462982646199493,0.32334847390276134,0.29076373558255353,0.3844077103852981,0.3407869281772528,0.3042553526885243,0.353921834383741,0.3851970181716586,0.39311081972092643,0.3316465216258278,0.3033277469626162,0.3653143098908109,0.35542814041537496,0.4327383010302421,0.32612923762421636,0.3344593404638549,0.3358130695033274,0.31596488723553534,0.2619258491529878,0.37968062600361163,0.32688388770772553,0.25876958770884695,0.30815491079981794,0.36420684311077295,0.42755293321492177,0.3186722419973739,0.24853164009714857,0.3080981412336683,0.29970188984568996
BAR-80s_LOW_06,0.3400248229126516,1.0,0.42763148432584913,0.33479920929163387,0.36179786953099285,0.41309697825755637,0.31187412308573637,0.3250999815415942,0.33331409571168047,0.44338742893105487,0.3990710835248047,0.4053506274119197,0.38997557801481125,0.3157827232853201,0.35052885484563806,0.3162385371819358,0.3606337540049792,0.4723760347548857,0.32496087574350185,0.33348489529871256,0.3580426574226018,0.34154916137224434,0.37401572909454384,0.27226924944980296,0.40206979506802965,0.3622163303767158,0.32966113482854703,0.40390976672072865,0.3104452916652315,0.3427582822017405,0.2934340965177411,0.3975690433438458,0.3152426059393805,0.37237784111600547,0.3061310559838618,0.3095855873989894,0.29776044563872517,0.2645898497901119,0.34445969967613166,0.29384083558570456,0.33738000109529115,0.3058683693412011,0.37613343745580646,0.4005454960028613,0.290487334551261,0.2618566427023567,0.3476521084235294,0.35287363187024623,0.3212913922480263,0.3292902825511625,0.34210929950959373,0.29593054214557446,0.2972064623681853,0.2745151562041578,0.2969912897780464,0.2646982558773225,0.2864196197387708,0.2849406569874856,0.37022717134913086,0.3874434210389914,0.2921471374636614,0.22813594541456503,0.2740054181722087,0.2813410480631655
BAR-80s_MED_08,0.3444416441659001,0.42763148432584913,1.0000000000000007,0.40669763654446073,0.37220626531264656,0.43621230635115166,0.35214782444170484,0.3552841255124513,0.3816926202715298,0.4352252845059793,0.3824668546655573,0.38839489729897436,0.37359615505290394,0.3482295826424483,0.38208380674595543,0.36828398852945987,0.362892207535555,0.44513512506248726,0.3954308248924581,0.31971952830852673,0.3777198363532316,0.38679018129568565,0.34615301822050343,0.3092086183906005,0.40177672645003676,0.4441777622587022,0.3403022236524619,0.3611441831580678,0.3464829519959219,0.3768813372320587,0.338413540635178,0.4112543433006931,0.3381413742771918,0.43224503861312424,0.3680568235018594,0.38761856900038644,0.3316359559818585,0.3731491434055259,0.3715344836591635,0.3497493492488963,0.3626724641821345,0.41098924795545516,0.37558998944668986,0.3543450868117904,0.3341088436157348,0.32655276734667804,0.4084960391586426,0.41759133982620483,0.34685827470561653,0.4095780750067846,0.3966869852940436,0.38381502351116586,0.3562587134532015,0.32367883706318784,0.37957991405091956,0.2976381941602659,0.3091130877502703,0.3851411315307274,0.38801845815297603,0.3787490106318145,0.33675214940869597,0.2895796446354025,0.3378357247691504,0.3227746603720113
BAR-80s_MED_13,0.33622300615107126,0.33479920929163387,0.40669763654446073,1.0000000000000004,0.3471013236177826,0.34333620655336144,0.3602037683198595,0.31421959185581766,0.3823601340009575,0.3379655639674865,0.3651662863737134,0.3664872823306373,0.32298600453186893,0.3219829153336046,0.3385468988952801,0.3645800158154637,0.34176726185404604,0.3704863394556775,0.3517656300860976,0.38733957928600204,0.3369702887058688,0.3412149223611711,0.3504763865102627,0.2880736835749472,0.34827544475407074,0.3162245123363145,0.3270451002921815,0.32905980250831995,0.3325648226966326,0.3278448575825525,0.32363660388920357,0.36523143352334786,0.3278086652665868,0.3468897494388633,0.32189420671797647,0.3931938018749476,0.3289619275683043,0.32782991118327115,0.35909823104727717,0.29598976309538133,0.3735130095567063,0.36240021940401296,0.36373154191230944,0.33504649169549144,0.31615884455765425,0.31034466118477977,0.35416124439385793,0.35903646995413957,0.3427929034486041,0.3434105432267982,0.3266762946214304,0.38393939555936785,0.33936986698435045,0.29838974684578057,0.36836764698453356,0.33341088060768487,0.33580241733266075,0.3221306105877374,0.35940538459372456,0.3649251843872276,0.34705741289767883,0.26013093626873096,0.3144524662663517,0.311942622067248
BAR-Ele_LOW_09,0.3216464265060324,0.36179786953099285,0.37220626531264656,0.3471013236177826,0.9999999999999998,0.3782950537600211,0.34708436983584257,0.31974989032659384,0.3305192683498163,0.37273978095591354,0.3154838139325507,0.32951459295812996,0.35081085910204457,0.3650617115400054,0.4090802207210525,0.3672561907725106,0.32834026843120656,0.3717166708845816,0.3148202281662785,0.32038663525854555,0.43165155328414057,0.38909643930625654,0.35240709223484556,0.30786462868918557,0.364096057584679,0.3344421118879366,0.29274719780090735,0.2999930553745669,0.35147828158743477,0.3721798653126374,0.34226274618212194,0.4040305528823588,0.28656255487094673,0.3261742713749133,0.30717834931171395,0.31765881769514204,0.4207469356118078,0.3267081052194903,0.33281594132245185,0.34022364777902664,0.3260568542458019,0.32988826555845163,0.3122586344227286,0.28385374626132737,0.3443616842246305,0.35422658898235926,0.4533084798262407,0.38486480525456906,0.31720152551217334,0.36046758069719204,0.3052669577851489,0.34978494005302263,0.45150594168519526,0.3442559529535733,0.3356126643891466,0.29994073675945665,0.307120479750912,0.3084311129745014,0.32134216697645557,0.32099357575351345,0.3504389725674499,0.29457263807754547,0.38126206234001003,0.3366594696294641
BAR-Ele_LOW_14,0.3292029998170183,0.41309697825755637,0.43621230635115166,0.34333620655336144,0.3782950537600211,1.0000000000000002,0.33812893473159633,0.31941747405754367,0.35575551178650416,0.3748323806965738,0.37241232041936756,0.3564328074953532,0.36369228602963194,0.3394939124053016,0.38104623232070745,0.3406831278865694,0.35437015725228793,0.422081486365806,0.33701207568441005,0.31881533433562936,0.4427958793844824,0.5205599605937017,0.36478712915678574,0.31343410448898185,0.38264588792476034,0.3390523639712898,0.3398527271811076,0.34117453336924214,0.3674472837852918,0.39104745349898556,0.32798365120380674,0.39205683111095235,0.3240087770092605,0.31953978379088493,0.3012126440287453,0.317859682962834,0.35036840779693085,0.3864055323699316,0.3776928035497424,0.30751880047041746,0.3651650866189375,0.3547464907257261,0.3407833225621173,0.31463552501994796,0.31927147415607904,0.32948279742333003,0.3696223546906781,0.37040463072325136,0.3414319322456628,0.3576233827978152,0.3685156931265363,0.36583506946168365,0.4313318058669432,0.43743646750618204,0.32128675754897784,0.30873777314417866,0.32599359887453977,0.30389619299385684,0.3502918662721719,0.355718099768037,0.36345263675218187,0.2922343557999925,0.3243666667351662,0.31231220067849913
BAR-Ele_MED_19,0.39573255349327596,0.31187412308573637,0.35214782444170484,0.3602037683198595,0.34708436983584257,0.33812893473159633,0.9999999999999952,0.339822898202672,0.3200898073323846,0.32688556354436044,0.3797952890434757,0.3595141481932338,0.3139760553985623,0.32507894694941913,0.3372991061161616,0.31097110324437865,0.3320594835718489,0.34314914999091684,0.29782254792136187,0.31886037775843884,0.3136525441330929,0.3122162275052058,0.3702762233338902,0.2951146787393417,0.3444327008155666,0.30294943086089543,0.2913931866569092,0.33962503973141367,0.31570938316147706,0.3328316819366068,0.2875060596264475,0.35447699419814616,0.33267384011893086,0.2855849930542077,0.2943779654986604,0.3372054897766976,0.3234064744235208,0.29447442690148357,0.4230532415420887,0.3346957983555495,0.3360208258643947,0.3264218578610203,0.3462205000861265,0.31318674344321495,0.30255716443047304,0.3056161729732561,0.3457718927404038,0.33962663504312496,0.34142492682988923,0.3147567026252404,0.3041197472319857,0.34048951186104953,0.34100071345126715,0.2776965272925047,0.40682920441246134,0.33143342248462965,0.29191422421709395,0.27853852591583583,0.3333107003167703,0.36511600085022455,0.29781192075720825,0.22979873394247416,0.30180825033090775,0.27371629043827883
BAR-Ele_MED_20,0.3324887237200645,0.3250999815415942,0.3552841255124513,0.31421959185581766,0.31974989032659384,0.31941747405754367,0.339822898202672,1.0,0.30127121575235316,0.3388387785570595,0.36006125214558127,0.35095133894314184,0.32782191966336605,0.27129803915704775,0.3242479155468919,0.30789299746907545,0.3335997539491934,0.34475843237419884,0.29520867872589046,0.3378529888425981,0.29489991056932857,0.27253333968125887,0.3344641478122363,0.3440616859122755,0.31565187973150277,0.29123504501340153,0.3096526992890795,0.34131633691671487,0.2850011170451458,0.3020442574971256,0.3113571925984883,0.32662585279032785,0.3477566698399788,0.28279435983787493,0.2945086256596657,0.3157198585177727,0.3122366264778404,0.277566441643148,0.3427042567638395,0.36071915923264875,0.2937515296732997,0.31049883083017765,0.31441864194719354,0.328511541779648,0.2775872176970507,0.271994481304212,0.326601294561869,0.3413851395609146,0.34583137156058225,0.32224429552530304,0.3003259041332975,0.35020979816780584,0.3076444926077425,0.25618247413293604,0.3370028205148754,0.323863053241145,0.274478492088922,0.27584547306648877,0.32841765898571995,0.34800165930761257,0.27830804082152005,0.2461017367603173,0.28496322269124263,0.2780049478597128
BAR-Jaz_LOW_19,0.2997001915970266,0.33331409571168047,0.3816926202715298,0.3823601340009575,0.3305192683498163,0.35575551178650416,0.3200898073323846,0.30127121575235316,0.9999999999999971,0.31724424492641484,0.3399172147928825,0.355937389959765,0.3172157033216057,0.3064792780209449,0.32573691155205425,0.3374285369776395,0.313615054732523,0.33581850628065674,0.29959929523589773,0.2844953461992572,0.3226719471861918,0.3293682239626211,0.3044501522641308,0.24851550991452442,0.3921618979596972,0.3179666446086639,0.29156800846424474,0.3328312866484687,0.29355534265821975,0.3047508099514677,0.3396536443438017,0.3301201485812855,0.2887600976611521,0.2988123892604664,0.27329569075577975,0.302646543544493,0.30439828164057564,0.3368145626795245,0.3174473919995997,0.2576111495845525,0.4664864684673536,0.34138740877451706,0.3290961626936623,0.3219354221504153,0.2787686779972925,0.3084051037973997,0.3543362645604274,0.3135490088591207,0.28565256204282985,0.33125816625133875,0.3554075582797082,0.33772084838058986,0.30029630822517,0.33108000803175,0.33216719398954875,0.2676814804735982,0.4657779509404398,0.3334154310535854,0.3263529675219093,0.32963655209141973,0.2880684312321484,0.2628006518715837,0.2808519049203882,0.27237613285279044
BAR-Jaz_LOW_21,0.34233495487685683,0.44338742893105487,0.4352252845059793,0.3379655639674865,0.37273978095591354,0.3748323806965738,0.32688556354436044,0.3388387785570595,0.31724424492641484,0.9999999999999993,0.40945136731864146,0.38468277406835505,0.35838326349702543,0.30682061088674234,0.34012935913481407,0.32417703945619847,0.3414426777834787,0.4027866314497217,0.32802330304206645,0.32342378020593454,0.3490098719613211,0.3364951652432849,0.3297331015288681,0.27460000222281555,0.3778409326533419,0.41719376389240076,0.32557086265403995,0.34554605745227357,0.3092939730000936,0.351852431107861,0.3012829774023798,0.351500690116626,0.3152301772912628,0.3390313384409544,0.3178104301242593,0.31784464360197656,0.3056824689189522,0.2943135391414935,0.3378333079105351,0.3173823822691739,0.33867157019962146,0.39055260367068556,0.3684825515718125,0.35870730283713154,0.30123799620281083,0.2901353120248678,0.3651846131270801,0.37742312551493895,0.3333080874835388,0.3579454251786698,0.3479548196595489,0.3118468053265723,0.3279595253923861,0.27249931900432317,0.3228404956887149,0.30239650863127415,0.31400555294772636,0.4034776378743216,0.35401311449672057,0.38361012507312653,0.3049283953717397,0.2548300661245701,0.31252865072595554,0.2987936296658855
BAR-Jaz_MED_02,0.4138829419847648,0.3990710835248047,0.3824668546655573,0.3651662863737134,0.3154838139325507,0.37241232041936756,0.3797952890434757,0.36006125214558127,0.3399172147928825,0.40945136731864146,0.9999999999999979,0.488593257536287,0.3545554481007561,0.3141341368829482,0.36927925510712717,0.34601668585622075,0.3977174445597148,0.3755423704370907,0.33402433547696486,0.3353674018811174,0.3372139688263222,0.32704536351862645,0.3517879242777189,0.3119834450133848,0.3973383854450855,0.36125077584124493,0.36884615124227743,0.4605352193913048,0.3377684633223159,0.35131495749347674,0.33036056062306485,0.3873643547080933,0.3794945684143375,0.3304432514023424,0.29340586197694785,0.3399088679026995,0.31279063493333387,0.29739191655955205,0.37370165259494903,0.34142963295660633,0.37165379031417484,0.36129431322446454,0.427356269455017,0.4282201572432913,0.32549647262227277,0.3099124650642119,0.3679052760987628,0.3757351431396012,0.4041973545246518,0.37053379942102077,0.35787535143177646,0.32708904105887954,0.33171439633218286,0.27615781448768195,0.35220752252097437,0.304629646219309,0.2793963637386449,0.2966604279520295,0.38144050279488567,0.5055285817443573,0.3243290340989139,0.25063010219993914,0.3295310836503373,0.30293289978596716
BAR-Jaz_MED_07,0.4164378611040879,0.4053506274119197,0.38839489729897436,0.3664872823306373,0.32951459295812996,0.3564328074953532,0.3595141481932338,0.35095133894314184,0.355937389959765,0.38468277406835505,0.488593257536287,1.0000000000000002,0.3367377046686728,0.33699792513002824,0.3642239420195857,0.3433199634102112,0.43382299561967214,0.36786879932276956,0.3275657375346818,0.355546941521639,0.3315102453072834,0.33696338472632203,0.3504771859049471,0.3198517608351528,0.41191766029747795,0.3426347932003039,0.3804368418782857,0.49811232278226014,0.3150265605005174,0.37591604822991914,0.3215761176306655,0.3773259889502841,0.387916037213404,0.3375758728940293,0.3209448642655835,0.3470452998174503,0.30781585143893975,0.31120902720357335,0.35244165522291027,0.36755405898399823,0.3526896411117091,0.35864592301235426,0.4683150175642058,0.5079092093421694,0.3256472758302296,0.3278829629650139,0.3654241277715157,0.3731280435306979,0.42378328102757734,0.35777455891973736,0.33146073550312727,0.3503238991205227,0.30219049545304394,0.30142329546898683,0.3674625129138614,0.33969675093796725,0.2925758611027766,0.2988360513748298,0.4452092209504194,0.5024327844079582,0.313639443923998,0.25269477123083417,0.3117176761425005,0.28744982633687227
BAR-Met_LOW_09,0.3352780270592186,0.38997557801481125,0.37359615505290394,0.32298600453186893,0.35081085910204457,0.36369228602963194,0.3139760553985623,0.32782191966336605,0.3172157033216057,0.35838326349702543,0.3545554481007561,0.3367377046686728,1.0000000000000036,0.35544656266280694,0.42622819282577706,0.36336770763888926,0.33225254381124947,0.38812748301257627,0.2999651557664872,0.34215713784376756,0.36499538049922586,0.33834220709655605,0.3662762017107668,0.29997516823393977,0.3662368659499107,0.3552181599729501,0.3281061375278811,0.3322329059323864,0.43108969961536714,0.4127217146288592,0.37099317791986236,0.4262705290952714,0.31377285610602323,0.29923846695339906,0.3055932231704444,0.31698195393526774,0.34007101235809384,0.28350002181129574,0.3435826541324784,0.28460876950810765,0.30337313318334375,0.3170065975245886,0.3278773831570206,0.30792370776588013,0.3188965748625024,0.30422499869383485,0.4114485055358685,0.393017830023689,0.33101617514252607,0.3385638997835026,0.34074445586268226,0.3181429944540705,0.3625962052752457,0.2804997083711113,0.3361212040981698,0.2821218810855866,0.30198894085183575,0.2800495425590011,0.33531743085141197,0.3247938493041599,0.3960363442567973,0.25694103111166056,0.3604105813685148,0.34573496158756434
BAR-Met_LOW_14,0.32716770430079906,0.3157827232853201,0.3482295826424483,0.3219829153336046,0.3650617115400054,0.3394939124053016,0.32507894694941913,0.27129803915704775,0.3064792780209449,0.30682061088674234,0.3141341368829482,0.33699792513002824,0.35544656266280694,1.0000000000000002,0.4177723600539199,0.3552823406923503,0.3279986689363206,0.3630547055255462,0.3142764274801653,0.2972360399909743,0.3614039408355525,0.3152500568992259,0.29184965707844096,0.2774820275643495,0.33316478363946245,0.29943281589267173,0.2875203699978439,0.3202507246438065,0.35315397121396,0.36798738444447676,0.3459926001585348,0.3990157182197461,0.28408657767258455,0.3113180127369034,0.2958442796109533,0.32147933284832386,0.3882257002905407,0.3296489096139281,0.31291176959857087,0.30170181183283634,0.2932552092229576,0.3244477345432333,0.318876491275408,0.31318792371142073,0.36960739349866617,0.41204744290386536,0.41866236816830554,0.37490197752036586,0.31492357107461966,0.3276382763244786,0.30418776009385595,0.29680126243573923,0.39132589968914533,0.3514100713243673,0.31582508966893796,0.2704819385638946,0.26939923852034875,0.28666406806116657,0.3096359429479804,0.33088117539149653,0.44751353614363315,0.4092825255642794,0.3778691506609774,0.34611953098374076
BAR-Met_MED_19,0.3534090442340865,0.35052885484563806,0.38208380674595543,0.3385468988952801,0.4090802207210525,0.38104623232070745,0.3372991061161616,0.3242479155468919,0.32573691155205425,0.34012935913481407,0.36927925510712717,0.3642239420195857,0.42622819282577706,0.4177723600539199,0.9999999999999972,0.3883514506765633,0.34222677640150995,0.3860103133003366,0.35175533167955564,0.3068396466528741,0.3626207205816237,0.3522597883953059,0.3194684334423822,0.28826326004394154,0.36919786602269694,0.33990407618295576,0.3112335343774704,0.35713466453481263,0.38381144238626186,0.39510375026538275,0.3700628033028023,0.42773742951611815,0.3176498028784578,0.3441254551731105,0.3180204875320898,0.333434296500786,0.3903361977822411,0.33583376141619287,0.33566125030387584,0.32230025986447386,0.32963071785825004,0.3521342607397457,0.33204430168598725,0.3400440983724751,0.35911452302485514,0.3695213698218381,0.44684188847696954,0.4065983611058722,0.32449744052176055,0.37402407912555324,0.3313414652569125,0.3357884765776019,0.40123911760550596,0.3440235330020786,0.32668414129463136,0.29911674947566047,0.29009805753077994,0.3254135971218303,0.3533639696341561,0.37838671329945084,0.4069488695884163,0.31183168083442464,0.4428591237650858,0.43474248329687504
BAR-Met_MED_20,0.3416749523537348,0.3162385371819358,0.36828398852945987,0.3645800158154637,0.3672561907725106,0.3406831278865694,0.31097110324437865,0.30789299746907545,0.3374285369776395,0.32417703945619847,0.34601668585622075,0.3433199634102112,0.36336770763888926,0.3552823406923503,0.3883514506765633,1.0000000000000002,0.3502762527371962,0.34019726770069325,0.3268104286127374,0.30853449550706424,0.3696050441250882,0.30597810747415344,0.32197929680722287,0.3047886845912139,0.36191190069865825,0.3403627148571868,0.32971283237364746,0.35856611849936637,0.3753233743454986,0.3925011918276979,0.4281391128206117,0.4048511219349013,0.31452241542509274,0.32157232313861206,0.2886468246013547,0.32632126911134324,0.3633089798835076,0.35051569754400036,0.3202803424685217,0.30476313887476836,0.3095029898204304,0.35117606968950327,0.3208110886471361,0.3100654309707927,0.40786466723019943,0.3464054408867203,0.4246152576687599,0.41557394343822485,0.3355355049407259,0.3637203513224155,0.3345772462629056,0.3399340508540049,0.3582541353068516,0.31357940701721704,0.3348801221701995,0.31628474750571034,0.29440732822258275,0.3349027211055828,0.3345102913546514,0.3314757874369788,0.3777885937564051,0.3278688308606324,0.4001108351186333,0.353891242198795
CONCERT-80s_LOW_02,0.4058591311738789,0.3606337540049792,0.362892207535555,0.34176726185404604,0.32834026843120656,0.35437015725228793,0.3320594835718489,0.3335997539491934,0.313615054732523,0.3414426777834787,0.3977174445597148,0.43382299561967214,0.33225254381124947,0.3279986689363206,0.34222677640150995,0.3502762527371962,1.0,0.36211139315185076,0.3183025845680915,0.36828199555097885,0.36962304568561755,0.3387790317528526,0.32009461970550074,0.31633592820697815,0.3750819746164568,0.33409991513844106,0.3441886582369476,0.4079957182678644,0.3215378418080404,0.3718774727070251,0.3288570473139579,0.41665029421682276,0.3882574574115981,0.3332787475459359,0.2987903798501558,0.34131571858818716,0.3138502128005293,0.290052996672712,0.33178098932565786,0.3482522099144854,0.3303446064577304,0.32856363905970665,0.3692818831727563,0.37980401768184424,0.299137205210042,0.30699979160076935,0.3761793196816949,0.33089179754118153,0.37718865189980616,0.3102110422691744,0.3217345158369482,0.3628777027137406,0.3255278382111538,0.2966699766849118,0.3494850970378957,0.3113010623220638,0.26692922369646926,0.2887448591276249,0.40611879063003814,0.3876704221090975,0.31003062228644557,0.25374469666082855,0.29204757918435403,0.2981015348827918
CONCERT-80s_LOW_06,0.34038562747004975,0.4723760347548857,0.44513512506248726,0.3704863394556775,0.3717166708845816,0.422081486365806,0.34314914999091684,0.34475843237419884,0.33581850628065674,0.4027866314497217,0.3755423704370907,0.36786879932276956,0.38812748301257627,0.3630547055255462,0.3860103133003366,0.34019726770069325,0.36211139315185076,1.0000000000000002,0.3661656458711797,0.37488439679483887,0.38739482971276606,0.37051149213395695,0.3732093885458665,0.30541957071317455,0.3900859763878189,0.36788432844869484,0.3474240229531862,0.3747416330086996,0.3575447919664868,0.3751089630736254,0.34485270625489645,0.4330318482198851,0.3272287371447462,0.45712242201330333,0.3800811876891203,0.3724992749253006,0.3281724757878374,0.3210360609360481,0.38633352274377275,0.30734746984913974,0.3730297142374147,0.3648413959340856,0.3728690681139675,0.34778900421473996,0.3151186179227094,0.32481130707333983,0.3836110248768078,0.39362338885310716,0.34068587022806207,0.3788602537332012,0.4160347601473197,0.3403730060716207,0.35239028769467096,0.29602917259487427,0.3505746984547015,0.28984465189031233,0.31556494085191916,0.31010908053964703,0.37394264593945126,0.3753183082918856,0.32490994651103344,0.26677337012967123,0.33741141027412735,0.3228472491390697
CONCERT-80s_MED_08,0.32562548351723425,0.32496087574350185,0.3954308248924581,0.3517656300860976,0.3148202281662785,0.33701207568441005,0.29782254792136187,0.29520867872589046,0.29959929523589773,0.32802330304206645,0.33402433547696486,0.3275657375346818,0.2999651557664872,0.3142764274801653,0.35175533167955564,0.3268104286127374,0.3183025845680915,0.3661656458711797,1.000000000000003,0.3018100311152745,0.3284333948615279,0.3175063409109753,0.29540722090255467,0.2582567385126902,0.3249087367627466,0.3279227704220962,0.2917441366155807,0.3639123025297009,0.3186195450071335,0.32437939276119404,0.290660920584116,0.32528316208457236,0.31918234320575173,0.37480267497875885,0.3375356341078761,0.33725730697268136,0.2832259249449309,0.30708328696201365,0.30387686667575703,0.30014822047628514,0.3188304655904938,0.37387759987247343,0.32251574185955206,0.3106855993489758,0.28996951989840236,0.27330095984572156,0.35803691121943304,0.3423376682224591,0.31417827870612247,0.39595685075794096,0.34904734625469713,0.30902228547156113,0.30929300330253606,0.2812955138753421,0.3052554777997249,0.2746846130800392,0.28404287799172523,0.3167406850236941,0.3126484827964108,0.34088763815473944,0.3061073313437623,0.263616507696524,0.2828716800371711,0.32606884722052
CONCERT-80s_MED_13,0.3190169777365996,0.33348489529871256,0.31971952830852673,0.38733957928600204,0.32038663525854555,0.31881533433562936,0.31886037775843884,0.3378529888425981,0.2844953461992572,0.32342378020593454,0.3353674018811174,0.355546941521639,0.34215713784376756,0.2972360399909743,0.3068396466528741,0.30853449550706424,0.36828199555097885,0.37488439679483887,0.3018100311152745,1.0000000000000004,0.34200529182793143,0.30503987162258045,0.37578127579949805,0.32457419314295666,0.3366898344326649,0.3015671432655583,0.3865949177760727,0.3676096801946599,0.33742114024168773,0.37633957165224474,0.32352816779855376,0.37323737148380776,0.31395297027507474,0.3143588520473452,0.30795126923883864,0.3565566367625195,0.3303733758909651,0.27521832926506823,0.31943819779026167,0.31554881962200454,0.3020211925813592,0.3321325629177864,0.36949686875772403,0.33281758331175887,0.30845807348764626,0.28836486696581914,0.34633284132498404,0.3340950733105008,0.3330121509657988,0.3112323102367422,0.300204906740931,0.35370365958437666,0.31720569211736116,0.2935802456183002,0.3402960243861543,0.3150609348482519,0.28827556030210566,0.290722563298391,0.3526245705004003,0.35976126024504707,0.3298613791942416,0.2516994739083071,0.3101268330076333,0.2768750970358302
CONCERT-Ele_LOW_09,0.31833873390680506,0.3580426574226018,0.3777198363532316,0.3369702887058688,0.43165155328414057,0.4427958793844824,0.3136525441330929,0.29489991056932857,0.3226719471861918,0.3490098719613211,0.3372139688263222,0.3315102453072834,0.36499538049922586,0.3614039408355525,0.3626207205816237,0.3696050441250882,0.36962304568561755,0.38739482971276606,0.3284333948615279,0.34200529182793143,1.0000000000000002,0.41736820415029363,0.35970138931697426,0.3052244920170816,0.37106236805143294,0.33910358116791717,0.3262155840546968,0.34755274719890544,0.3902584683416291,0.4172458063683688,0.3759043754502311,0.4333200689385717,0.2924985716564362,0.3194852148651097,0.27781288662181125,0.3196457977498409,0.3777537491795166,0.31062048712557283,0.32218867200586937,0.30677677566248973,0.31900700998915366,0.3270586153271286,0.3050907400208005,0.28056200962114447,0.37320140723061973,0.32096387557501,0.40735164009829494,0.37399838662228024,0.3273978263878107,0.3472719665395576,0.3217275788795263,0.33225796665554963,0.4326762097892638,0.32778048104242896,0.3123174604740251,0.3084606321400828,0.2812303621406371,0.31426862757353663,0.3225887984408122,0.3229163262752322,0.3753299945400131,0.30145570950051453,0.3411821826843774,0.3145938372966837
CONCERT-Ele_LOW_14,0.29607951754226763,0.34154916137224434,0.38679018129568565,0.3412149223611711,0.38909643930625654,0.5205599605937017,0.3122162275052058,0.27253333968125887,0.3293682239626211,0.3364951652432849,0.32704536351862645,0.33696338472632203,0.33834220709655605,0.3152500568992259,0.3522597883953059,0.30597810747415344,0.3387790317528526,0.37051149213395695,0.3175063409109753,0.30503987162258045,0.41736820415029363,0.9999999999999999,0.33709605175689805,0.2761794752557786,0.35283680824562164,0.293006319741304,0.28097754841464473,0.3143676644519116,0.3310436364260545,0.3810623941006451,0.2969683075866125,0.3829466754451615,0.27104891620185323,0.29181745157077954,0.2786094516455339,0.29750952266970726,0.33589605789733173,0.40386883364216564,0.31169863314895296,0.2734526925883003,0.3658283988784185,0.30544700305288325,0.310353185690745,0.29237732924444426,0.29638891525182315,0.3160126484361873,0.37968951888838587,0.3242070620771438,0.2961438416005341,0.3324040417123241,0.3167753127995048,0.3379133925265282,0.4054077591225941,0.4434779171369696,0.30052303097850724,0.27469907392336745,0.31022428501552174,0.284173696025086,0.3445396833165226,0.3060200669570375,0.33991958827882707,0.2984491707301134,0.2954283378172435,0.306084314612661
CONCERT-Ele_MED_19,0.35407836506450235,0.37401572909454384,0.34615301822050343,0.3504763865102627,0.35240709223484556,0.36478712915678574,0.3702762233338902,0.3344641478122363,0.3044501522641308,0.3297331015288681,0.3517879242777189,0.3504771859049471,0.3662762017107668,0.29184965707844096,0.3194684334423822,0.32197929680722287,0.32009461970550074,0.3732093885458665,0.29540722090255467,0.37578127579949805,0.35970138931697426,0.33709605175689805,0.9999999999999988,0.2944954871674024,0.33742506024966196,0.30280885688026066,0.33738905193312363,0.34647274589338617,0.34762335634102126,0.3526155608612156,0.33164021148198874,0.3820199543627929,0.3378991159484285,0.2980734051362167,0.3297661409577985,0.33141320865738566,0.35601934779851246,0.2910661623459775,0.3959005460013526,0.31548266732936686,0.30639802342903416,0.2973068154410701,0.3351636671268768,0.33111076548964247,0.3207741159849919,0.27629271876546574,0.340974409522583,0.341931511648267,0.3918969071504587,0.3127472644355994,0.31786351033129245,0.35343669677159284,0.35067260588391624,0.26985544889702073,0.39477735227365707,0.3235712758106534,0.30109154012710715,0.2852419217263966,0.34694600753445937,0.35671318237072813,0.3338579712354334,0.2540964373821282,0.32059552351233367,0.29163799347806124
CONCERT-Ele_MED_20,0.3216848990666379,0.27226924944980296,0.3092086183906005,0.2880736835749472,0.30786462868918557,0.31343410448898185,0.2951146787393417,0.3440616859122755,0.24851550991452442,0.27460000222281555,0.3119834450133848,0.3198517608351528,0.29997516823393977,0.2774820275643495,0.28826326004394154,0.3047886845912139,0.31633592820697815,0.30541957071317455,0.2582567385126902,0.32457419314295666,0.3052244920170816,0.2761794752557786,0.2944954871674024,1.0000000000000002,0.2977236084602437,0.26356077707475895,0.28568267933445496,0.2921873267320047,0.30965211296975836,0.30670869549770047,0.2946320297639129,0.33425355283824326,0.29357884886954166,0.2600711402964437,0.2640673567884296,0.32249199505697745,0.307016146867309,0.26860465712200854,0.2999487505589856,0.3602100591170204,0.24156059205052358,0.32009563669436925,0.29266757838791146,0.2757993622611155,0.2850405671924992,0.28633885334228215,0.3228924295477757,0.32699382570755897,0.3139011462071841,0.2814320986955117,0.26921964092120015,0.3406379889794625,0.3213282254323662,0.2684924411623842,0.3000275878358725,0.35603023999259537,0.23719523563756253,0.26758267077882036,0.28610209800265907,0.3085389139198901,0.2845688213530614,0.23499027020977015,0.27810294075973446,0.27282503200513564
CONCERT-Jaz_LOW_19,0.3461289454666333,0.40206979506802965,0.40177672645003676,0.34827544475407074,0.364096057584679,0.38264588792476034,0.3444327008155666,0.31565187973150277,0.3921618979596972,0.3778409326533419,0.3973383854450855,0.41191766029747795,0.3662368659499107,0.33316478363946245,0.36919786602269694,0.36191190069865825,0.3750819746164568,0.3900859763878189,0.3249087367627466,0.3366898344326649,0.37106236805143294,0.35283680824562164,0.33742506024966196,0.2977236084602437,0.9999999999999994,0.33057734445938547,0.3662542502935389,0.40260341045493264,0.3950522216900285,0.3830697304939984,0.3481112408582418,0.3808285995709293,0.32327426742165205,0.3406865293550423,0.3064403967189962,0.31098765919640625,0.3380478243358551,0.32749636922064806,0.3822758448680643,0.32143316083155143,0.42214968265851405,0.3647779494610698,0.3683125929242074,0.37557602061526313,0.3237160298277449,0.3355124427414117,0.4076775351467024,0.37167502305096506,0.3349874487236083,0.33528162606430406,0.3593425995783492,0.3280149946089397,0.3396131791007575,0.33629410271625,0.35730813328649963,0.2784113944850738,0.35984856458324976,0.3293648542195348,0.37872801070156603,0.4079533310231695,0.34692401434374176,0.25823579892459264,0.31293039339439965,0.31788501640850864
CONCERT-Jaz_LOW_21,0.3317646522950343,0.3622163303767158,0.4441777622587022,0.3162245123363145,0.3344421118879366,0.3390523639712898,0.30294943086089543,0.29123504501340153,0.3179666446086639,0.41719376389240076,0.36125077584124493,0.3426347932003039,0.3552181599729501,0.29943281589267173,0.33990407618295576,0.3403627148571868,0.33409991513844106,0.36788432844869484,0.3279227704220962,0.3015671432655583,0.33910358116791717,0.293006319741304,0.30280885688026066,0.26356077707475895,0.33057734445938547,1.0000000000000002,0.3081089196830703,0.33515118476807676,0.31192860927896515,0.3488012006320402,0.3251692182871436,0.38951604634053033,0.3000741503265743,0.32915981444501935,0.31271004413955994,0.3156398023188519,0.2968729481217751,0.2751231551617382,0.3293874280261657,0.28928639314822024,0.3020356572229235,0.4370107628962859,0.3210606014289347,0.31545125716278355,0.29830823162603254,0.27430188329399496,0.34611314214910716,0.3555836553537685,0.314007309324289,0.36157940694705865,0.3435254591913922,0.3260697532207881,0.31957640981440205,0.26340322768255614,0.31411285360721897,0.27317301497353613,0.26309445261126263,0.3838496951357153,0.34029205037431004,0.3420392809334067,0.3068971705511973,0.24762393377485864,0.2973457678685128,0.3000914836546621
CONCERT-Jaz_MED_02,0.33458663418702406,0.32966113482854703,0.3403022236524619,0.3270451002921815,0.29274719780090735,0.3398527271811076,0.2913931866569092,0.3096526992890795,0.29156800846424474,0.32557086265403995,0.36884615124227743,0.3804368418782857,0.3281061375278811,0.2875203699978439,0.3112335343774704,0.32971283237364746,0.3441886582369476,0.3474240229531862,0.2917441366155807,0.3865949177760727,0.3262155840546968,0.28097754841464473,0.33738905193312363,0.28568267933445496,0.3662542502935389,0.3081089196830703,1.0000000000000042,0.42314116438449373,0.3390128497018471,0.36797312666407483,0.3256878798331671,0.3797768856752256,0.32744550006670065,0.269974188896409,0.2820787838379973,0.31308783180934874,0.27766070809251364,0.26147450588865156,0.2985391600937045,0.2824440653790585,0.2938242024730208,0.3072858779980496,0.360686015995361,0.3764712728597571,0.2942911004263496,0.26790684574323126,0.34611201975037276,0.350611584726674,0.3455147195563517,0.2946508495055794,0.31785526612138953,0.32862500884181495,0.28802970744931067,0.25775280035308973,0.3193740547453503,0.2796124988785412,0.2687681806882835,0.2870087342667114,0.3697528206276873,0.36838236440235067,0.30205568028974095,0.22918504465867645,0.2905723028719414,0.2707255390161849
CONCERT-Jaz_MED_07,0.3462309451889052,0.40390976672072865,0.3611441831580678,0.32905980250831995,0.2999930553745669,0.34117453336924214,0.33962503973141367,0.34131633691671487,0.3328312866484687,0.34554605745227357,0.4605352193913048,0.49811232278226014,0.3322329059323864,0.3202507246438065,0.35713466453481263,0.35856611849936637,0.4079957182678644,0.3747416330086996,0.3639123025297009,0.3676096801946599,0.34755274719890544,0.3143676644519116,0.34647274589338617,0.2921873267320047,0.40260341045493264,0.33515118476807676,0.42314116438449373,1.0000000000000002,0.3166434931017126,0.3692854089661111,0.3353100072582733,0.38588963156864065,0.38294153974985484,0.31127588072536433,0.29516649268410583,0.33640924506192393,0.2927385725527344,0.2713988708536175,0.30801894296571203,0.31069986307232034,0.35675343803504556,0.31953331308955973,0.4761963471728288,0.4745099171703092,0.2999778991373134,0.28801170559444816,0.3521116594339242,0.3552881648392957,0.33685906641784574,0.35342859950996114,0.30461504189095556,0.31352423341551466,0.3029351833498318,0.269900641681317,0.32510688039711355,0.2966405029063822,0.28382019707075123,0.2792159964168425,0.43594509359129696,0.510691573682585,0.30641058505287416,0.22941677360456034,0.307706480799315,0.27357480138012813
CONCERT-Met_LOW_09,0.34268693533231015,0.3104452916652315,0.3464829519959219,0.3325648226966326,0.35147828158743477,0.3674472837852918,0.31570938316147706,0.2850011170451458,0.29355534265821975,0.3092939730000936,0.3377684633223159,0.3150265605005174,0.43108969961536714,0.35315397121396,0.38381144238626186,0.3753233743454986,0.3215378418080404,0.3575447919664868,0.3186195450071335,0.33742114024168773,0.3902584683416291,0.3310436364260545,0.34762335634102126,0.30965211296975836,0.3950522216900285,0.31192860927896515,0.3390128497018471,0.3166434931017126,1.0000000000000002,0.4101118423249591,0.37422929889743856,0.41632697122894124,0.290064830925782,0.2991390632474109,0.28856719002421144,0.3442893167502522,0.32851407794409127,0.29033978998046356,0.33625543073169434,0.30667561483481076,0.3200541474521254,0.34923248643858806,0.32537520249251606,0.29045359439104307,0.3452656524990003,0.3270194141501814,0.3722639970668809,0.3790557863855222,0.3463545877869637,0.31584812849092386,0.3167638028267443,0.3254041505018632,0.3406223832815996,0.29574649520443075,0.3295178361865004,0.2737022514001315,0.27231105841674086,0.29064854248862676,0.32241684480508115,0.33194803973625303,0.387947453329308,0.2782046598989523,0.35627625548564507,0.33549324916167594
CONCERT-Met_LOW_14,0.33112656181498296,0.3427582822017405,0.3768813372320587,0.3278448575825525,0.3721798653126374,0.39104745349898556,0.3328316819366068,0.3020442574971256,0.3047508099514677,0.351852431107861,0.35131495749347674,0.37591604822991914,0.4127217146288592,0.36798738444447676,0.39510375026538275,0.3925011918276979,0.3718774727070251,0.3751089630736254,0.32437939276119404,0.37633957165224474,0.4172458063683688,0.3810623941006451,0.3526155608612156,0.30670869549770047,0.3830697304939984,0.3488012006320402,0.36797312666407483,0.3692854089661111,0.4101118423249591,1.0000000000000002,0.38864959270551686,0.4861416662554533,0.31241549909369815,0.3300316634400533,0.312437857241032,0.32666244277358697,0.37215019085701795,0.3463094249563442,0.3146035191724725,0.30724752755322654,0.32214870592816025,0.3387682556454954,0.35762747392264865,0.3068338330610122,0.34574167864026695,0.3837211029711416,0.46205684753982995,0.4254203219066441,0.3444056791468245,0.3500086997020418,0.32796710282076674,0.3318289783431975,0.3959653665917964,0.3458920415174666,0.32442038321921896,0.293589859241599,0.3273990396772482,0.2984703823329691,0.3525740781296843,0.3286103702973688,0.4143790803986177,0.32733577456785157,0.38767908139778956,0.32854447204842513
